Tahun,Provinsi,u_cluster_0,u_cluster_1,u_cluster_2,u_cluster_3,label
2019,Aceh,0.18963365043478358,0.18937501405538604,0.18814194745781337,0.432849388052017,3
2019,Bali,0.2508103738478996,0.2506450268425557,0.2498475175277431,0.24869708178180167,0
2019,Banten,0.25427262893823604,0.2542527216679566,0.25415330198213487,0.23732134741167246,0
2019,Bengkulu,0.26051179950651554,0.2604102308012736,0.25991573174357163,0.21916223794863923,0
2019,DKI Jakarta,0.25675425146444353,0.2567679149868329,0.25683109636471485,0.22964673718400877,2
2019,Daerah Istimewa Yogyakarta,0.28331390677601304,0.2836809813478371,0.2854450866988512,0.1475600251772987,2
2019,Gorontalo,0.2875197082221864,0.28747671614917963,0.2872431289455432,0.13776044668309065,0
2019,Jambi,0.22790989173553405,0.22757079769714172,0.22594729617508819,0.31857201439223604,3
2019,Jawa Barat,0.268650632637933,0.26871958202637547,0.26904177906276083,0.19358800627293068,2
2019,Jawa Tengah,0.29979590987753524,0.30067266033564655,0.3049255442209723,0.09460588556584597,2
2019,Jawa Timur,0.3001720872167626,0.3011096545926742,0.3056678400073014,0.09305041818326185,2
2019,Kalimantan Barat,0.2892302901306934,0.2891475946677497,0.2887130547639126,0.13290906043764428,0
2019,Kalimantan Selatan,0.29851019979679083,0.2993622683655154,0.3035004630893841,0.09862706874830973,2
2019,Kalimantan Tengah,0.3058494181459874,0.30672947340104595,0.3109732791650841,0.07644782928788255,2
2019,Kalimantan Timur,0.3015120217699873,0.302320277638677,0.3062243396570033,0.08994336093433238,2
2019,Kalimantan Utara,0.28508275210615935,0.2854280028239454,0.2870849477864366,0.1424042972834586,2
2019,Kepulauan Bangka Belitung,0.2121728333347837,0.21193968735502633,0.2108257899248915,0.36506168938529854,3
2019,Kepulauan Riau,0.28648292441512846,0.2859329005969656,0.28326961449975435,0.14431456048815156,0
2019,Lampung,0.2670502039291781,0.2670641600616315,0.2671223542668779,0.19876328174231242,2
2019,Maluku,0.2724255056961779,0.27181712176395983,0.2688983850006249,0.18685898753923738,0
2019,Maluku Utara,0.26444071950602355,0.26434333869060805,0.26386602357167194,0.20734991823169652,0
2019,Nusa Tenggara Barat,0.2700694375514387,0.2701293406788464,0.2704080132698638,0.18939320849985114,2
2019,Nusa Tenggara Timur,0.11069185698150165,0.11034602873138853,0.10871002581794764,0.6702520884691622,3
2019,Papua,0.23415707584577963,0.23400169358749034,0.23325647642286282,0.29858475414386715,3
2019,Papua Barat,0.2432175367440777,0.2431326455491496,0.24272484109527143,0.2709249766115013,3
2019,Riau,0.2410503167772043,0.24083271017783997,0.23978587830474754,0.27833109474020823,3
2019,Sulawesi Barat,0.2785638748959171,0.278833973023739,0.2801293446626295,0.16247280741771442,2
2019,Sulawesi Selatan,0.3111856250253994,0.31161132756209947,0.3135716755337959,0.06363137187870518,2
2019,Sulawesi Tengah,0.21758638705331093,0.2172150751132984,0.21544229394140296,0.34975624389198773,3
2019,Sulawesi Tenggara,0.2732457019415617,0.27314226098171823,0.27263102443367526,0.1809810126430448,0
2019,Sulawesi Utara,0.28214487094950413,0.2822718098433457,0.28286498095424395,0.15271833825290626,2
2019,Sumatera Barat,0.30350728341191413,0.30434674123853306,0.3084014545672688,0.08374452078228396,2
2019,Sumatera Selatan,0.2770181286157685,0.2772108339149386,0.27812901795977146,0.16764201950952143,2
2019,Sumatera Utara,0.2636486587035618,0.26335843268012243,0.2619557544357668,0.21103715418054902,0
2020,Aceh,0.2098795966734836,0.20968261731322155,0.20874235429996538,0.37169543171332947,3
2020,Bali,0.2420623416092719,0.24192457475172996,0.24126274226209443,0.27475034137690374,3
2020,Banten,0.25794228318945517,0.25795222465010204,0.257995730391049,0.22610976176939382,2
2020,Bengkulu,0.30116597642141824,0.30192445833811865,0.3055859236620206,0.09132364157844253,2
2020,DKI Jakarta,0.25832757078608637,0.25835950175716577,0.2585098435702785,0.22480308388646955,2
2020,Daerah Istimewa Yogyakarta,0.2876625529512436,0.2881650882648442,0.2905905326504935,0.1335818261334186,2
2020,Gorontalo,0.3012724108341783,0.30214573393537764,0.3063825147653661,0.09019934046507798,2
2020,Jambi,0.19407340803160408,0.19368032999815232,0.19180789918521143,0.42043836278503216,3
2020,Jawa Barat,0.28951187418312446,0.2898236798802329,0.2913046653179412,0.1293597806187014,2
2020,Jawa Tengah,0.30556178684522534,0.30613198601022096,0.3088312271894524,0.0794749999551013,2
2020,Jawa Timur,0.298284052358362,0.2991407581664299,0.30330154220743016,0.09927364726777804,2
2020,Kalimantan Barat,0.3016286276034504,0.3023531147193878,0.30584153517476653,0.0901767225023953,2
2020,Kalimantan Selatan,0.29783375120855343,0.2986583088936128,0.3026614594245039,0.10084648047332992,2
2020,Kalimantan Tengah,0.3070673836931066,0.3076997285458723,0.3107088973482142,0.07452399041280688,2
2020,Kalimantan Timur,0.3004671807182685,0.3013766554968753,0.30579310665742754,0.0923630571274286,2
2020,Kalimantan Utara,0.2854844298707041,0.2857901557430175,0.2872511907064466,0.14147422367983178,2
2020,Kepulauan Bangka Belitung,0.2739252065816055,0.2737703390164551,0.27300939678329156,0.1792950576186478,0
2020,Kepulauan Riau,0.28267684559264916,0.28261629337339467,0.28229916738872907,0.15240769364522713,0
2020,Lampung,0.2698349198335836,0.2692710039751109,0.26656409232065864,0.19432998387064687,0
2020,Maluku,0.18425642738358947,0.18399005463642704,0.18272043663538864,0.44903308134459485,3
2020,Maluku Utara,0.28280026749110165,0.28291974201532266,0.2834774347367643,0.15080255575681137,2
2020,Nusa Tenggara Barat,0.22007390297483576,0.2198283471294819,0.21865317251267843,0.34144457738300393,3
2020,Nusa Tenggara Timur,0.17970931377345736,0.17903001300031396,0.17581965096240273,0.4654410222638259,3
2020,Papua,0.19060466789486574,0.19031192134275243,0.18891633895707655,0.4301670718053053,3
2020,Papua Barat,0.24358852144690268,0.24349127601438939,0.24302368544517958,0.2698965170935283,3
2020,Riau,0.2141362930409865,0.21394374837667066,0.21302370322057024,0.35889625536177255,3
2020,Sulawesi Barat,0.2534162119072882,0.25332456785786905,0.25287932443243544,0.24037989580240735,0
2020,Sulawesi Selatan,0.3095400560529768,0.30977868988007384,0.3108383003666477,0.06984295370030165,2
2020,Sulawesi Tengah,0.2860811425742327,0.28641502349992043,0.288012971213262,0.13949086271258473,2
2020,Sulawesi Tenggara,0.30383140696594185,0.3044293597497072,0.30728443617669216,0.08445479710765881,2
2020,Sulawesi Utara,0.25646112537101684,0.25648403207806975,0.25659193571080363,0.23046290684010987,2
2020,Sumatera Barat,0.3066890447736874,0.30770098680502345,0.31260456291594657,0.0730054055053425,2
2020,Sumatera Selatan,0.3018329817583047,0.3026618355674982,0.3066676315987061,0.0888375510754911,2
2020,Sumatera Utara,0.2997712151891702,0.30025905655386814,0.3025859935429756,0.09738373471398608,2
2021,Aceh,0.1566505133718081,0.15635838071239322,0.15496900221891446,0.5320221036968843,3
2021,Bali,0.24539912715441572,0.2452385976607038,0.2444662085567782,0.2648960666281023,3
2021,Banten,0.26487214096298833,0.26490042206501446,0.2650279227884713,0.20519951418352594,2
2021,Bengkulu,0.2693171698204084,0.26935413229474164,0.2695240848245394,0.1918046130603107,2
2021,DKI Jakarta,0.2626665163421586,0.26273711641951664,0.2630722738887013,0.21152409334962347,2
2021,Daerah Istimewa Yogyakarta,0.2727624152652779,0.2729341511195588,0.27375450563191867,0.1805489279832447,2
2021,Gorontalo,0.234147956179518,0.23404501737152225,0.2335523688566381,0.29825465759232167,3
2021,Jambi,0.2659187123573786,0.2659238344945194,0.2659393748370852,0.20221807831101685,2
2021,Jawa Barat,0.2841370800568064,0.28435570386863873,0.2853883010741794,0.1461189150003755,2
2021,Jawa Tengah,0.30291306396486367,0.3032497185258282,0.3048118154766482,0.08902540203265995,2
2021,Jawa Timur,0.3009109475532034,0.3017558588485996,0.3058461402005045,0.09148705339769245,2
2021,Kalimantan Barat,0.2948847204795161,0.29545520960249677,0.2982018224435849,0.11145824747440233,2
2021,Kalimantan Selatan,0.300773108152275,0.3017192119594874,0.3063196027424358,0.09118807714580178,2
2021,Kalimantan Tengah,0.26040742539720513,0.2599364140689189,0.25767518339554085,0.2219809771383352,0
2021,Kalimantan Timur,0.30707035372628155,0.3083096659448248,0.3143528045628228,0.07026717576607087,2
2021,Kalimantan Utara,0.2771984948716376,0.2774465060334212,0.2786366966257872,0.166718302469154,2
2021,Kepulauan Bangka Belitung,0.24158900513915638,0.24131636433283662,0.240007636104248,0.277086994423759,3
2021,Kepulauan Riau,0.23739652759565882,0.23719585420600947,0.23623165599269078,0.2891759622056409,3
2021,Lampung,0.27930784754874205,0.27860796364443713,0.27524571202551645,0.1668384767813043,0
2021,Maluku,0.16717318421110092,0.16689463366770718,0.16556919683780172,0.5003629852833902,3
2021,Maluku Utara,0.2516037328141996,0.25145120542702243,0.25071546347545337,0.24622959828332464,0
2021,Nusa Tenggara Barat,0.24032007283103904,0.24003911023882069,0.23868863612855964,0.2809521808015807,3
2021,Nusa Tenggara Timur,0.23413173402885679,0.23371946903837712,0.23174561517585127,0.30040318175691477,3
2021,Papua,0.2312223936416788,0.23052132764270697,0.22719092536953459,0.31106535334607965,3
2021,Papua Barat,0.21862191957159594,0.21844834445599098,0.217618672673623,0.3453110632987901,3
2021,Riau,0.292793833672664,0.29332608335821847,0.2958898300573912,0.11799025291172627,2
2021,Sulawesi Barat,0.27690667018141046,0.2769786181376234,0.27730828328668267,0.16880642839428345,2
2021,Sulawesi Selatan,0.3043578717509644,0.3044692103706206,0.3049355550438241,0.08623736283459094,2
2021,Sulawesi Tengah,0.2198240723704793,0.21957492437814177,0.21838281180301583,0.3422181914483631,3
2021,Sulawesi Tenggara,0.29406323776823623,0.2944747025314766,0.2964393222997578,0.11502273740052937,2
2021,Sulawesi Utara,0.29263634612633466,0.29249311299304576,0.2917592880121186,0.12311125286850118,0
2021,Sumatera Barat,0.30174364641028706,0.3025661626436355,0.306546819405104,0.08914337154097333,2
2021,Sumatera Selatan,0.3081453732868454,0.309336203884354,0.3151229897733381,0.06739543305546261,2
2021,Sumatera Utara,0.1822066786924234,0.1818597325564379,0.18020726055693775,0.455726328194201,3
2022,Aceh,0.1445487730657649,0.14410538483267016,0.14200640884631222,0.5693394332552527,3
2022,Bali,0.2525832660645665,0.2524764277077093,0.2519601959278885,0.2429801102998358,0
2022,Banten,0.2665873702810324,0.2666086818096146,0.2667007868449754,0.20010316106437764,2
2022,Bengkulu,0.2815908328076691,0.28189839022530894,0.2833744877004403,0.1531362892665816,2
2022,DKI Jakarta,0.2620116508454919,0.2618919423673738,0.26130902451429117,0.21478738227284308,0
2022,Daerah Istimewa Yogyakarta,0.28806645340752823,0.28847308209011807,0.29042545812926335,0.13303500637309035,2
2022,Gorontalo,0.23402706165345397,0.23369327320259906,0.23209553616852638,0.3001841289754206,3
2022,Jambi,0.2585138093512968,0.25821460309006766,0.2567729520484303,0.22649863551020516,0
2022,Jawa Barat,0.2776247291523224,0.27770890240972373,0.27809483933707757,0.16657152910087622,2
2022,Jawa Tengah,0.30281016175843956,0.3030848928213094,0.30434142122680913,0.08976352419344193,2
2022,Jawa Timur,0.30405325864695587,0.3049861379820991,0.30949987454976724,0.08146072882117777,2
2022,Kalimantan Barat,0.28593770147077197,0.2860052987901387,0.2863051187951793,0.14175188094391,2
2022,Kalimantan Selatan,0.3030380714585749,0.3039899842666404,0.3086088916461758,0.08436305262860884,2
2022,Kalimantan Tengah,0.26352473163278706,0.26308754411354685,0.26098549902412865,0.2124022252295375,0
2022,Kalimantan Timur,0.3018582711134488,0.30284475330771465,0.30764280793908205,0.08765416763975446,2
2022,Kalimantan Utara,0.2772035545064075,0.27745163358716723,0.2786421499491709,0.16670266195725436,2
2022,Kepulauan Bangka Belitung,0.2796764037482683,0.2795522435641202,0.2789353016462502,0.16183605104136126,0
2022,Kepulauan Riau,0.25805418274306535,0.2579929646222197,0.25769321903586556,0.22625963359884943,0
2022,Lampung,0.3003042909346464,0.3011137003719696,0.3050321638292461,0.0935498448641379,2
2022,Maluku,0.29079279603988045,0.29107926727475336,0.2924416122064229,0.12568632447894326,2
2022,Maluku Utara,0.2249015231162209,0.22474239931540393,0.22398093549732265,0.32637514207105245,3
2022,Nusa Tenggara Barat,0.2309894532103896,0.23063100090188093,0.22891328871902847,0.30946625716870096,3
2022,Nusa Tenggara Timur,0.19350318233199879,0.19307228989116454,0.1910221769432297,0.422402350833607,3
2022,Papua,0.2207496233972326,0.2205879500112203,0.21981523380033283,0.33884719279121417,3
2022,Papua Barat,0.22004180173123192,0.21988078423279944,0.21911141686042857,0.3409659971755401,3
2022,Papua Barat Daya,0.1628855554071255,0.16259554310051905,0.1612156030743908,0.5133032984179646,3
2022,Papua Pegunungan,0.22457377025645128,0.22443709398409026,0.2237840253579239,0.32720511040153455,3
2022,Papua Selatan,0.24894769267554406,0.24866949578810127,0.24733280774543945,0.2550500037909152,3
2022,Papua Tengah,0.24399072735349206,0.24388283854369164,0.24336452014963464,0.26876191395318166,3
2022,Riau,0.2585567790902504,0.25816444566727237,0.25627687132660043,0.2270019039158768,0
2022,Sulawesi Barat,0.27690667018141046,0.2769786181376234,0.27730828328668267,0.16880642839428345,2
2022,Sulawesi Selatan,0.30769037784056286,0.3083453571778356,0.31146111166262574,0.07250315331897583,2
2022,Sulawesi Tengah,0.1900322387675183,0.1896606608226418,0.1878907036706288,0.4324163967392111,3
2022,Sulawesi Tenggara,0.30018002319844156,0.3007160508173305,0.3032781365560406,0.09582578942818737,2
2022,Sulawesi Utara,0.2911860176658107,0.29101916635283726,0.2901785641108366,0.12761625187051537,0
2022,Sumatera Barat,0.3061830157519022,0.3072679106157892,0.3125406118295766,0.0740084618027321,2
2022,Sumatera Selatan,0.30521635677577824,0.30632718995040586,0.31173340777764935,0.07672304549616663,2
2022,Sumatera Utara,0.2786289901032412,0.2781860470973143,0.2760406450722971,0.16714431772714738,0
2023,Aceh,0.12319115952111558,0.12282560554213907,0.12109505802387614,0.6328881769128692,3
2023,Bali,0.2572790380054441,0.2571945632700018,0.25678431294529297,0.22874208577926117,0
2023,Banten,0.26817648916656894,0.26827669415115,0.26875122766079484,0.19479558902148625,2
2023,Bengkulu,0.29267086369992906,0.29329342208712594,0.29630298400804356,0.1177327302049014,2
2023,DKI Jakarta,0.2626692265200446,0.262739845612318,0.263075093668287,0.21151583419935038,2
2023,Daerah Istimewa Yogyakarta,0.27883544185566844,0.27906971574424044,0.2801883574065627,0.1619064849935284,2
2023,Gorontalo,0.2339954769468396,0.23376049660514323,0.23263384852167823,0.299610177926339,3
2023,Jambi,0.28263861867890977,0.28281020755724706,0.2836186107845195,0.1509325629793237,2
2023,Jawa Barat,0.27540131348575525,0.27548812348561413,0.27588959340152175,0.17322096962710892,2
2023,Jawa Tengah,0.304036591235002,0.30424769762952447,0.3051879564394921,0.08652775469598152,2
2023,Jawa Timur,0.3042127883317166,0.30523441519724764,0.3101932421582619,0.0803595543127739,2
2023,Kalimantan Barat,0.28516198799590425,0.2853400200803552,0.2861790102209842,0.14331898170275637,2
2023,Kalimantan Selatan,0.2995908261904484,0.3004845734329297,0.3048262105075412,0.09509838986908063,2
2023,Kalimantan Tengah,0.2982131176132834,0.29741928407987606,0.29358689480325234,0.11078070350358822,0
2023,Kalimantan Timur,0.30006978841000426,0.30098180164299554,0.30541302003984894,0.09353538990715123,2
2023,Kalimantan Utara,0.2772819279031283,0.27750268194358285,0.2785586614657583,0.1666567286875306,2
2023,Kepulauan Bangka Belitung,0.2955453599215948,0.29473789351941493,0.2908419014005544,0.11887484515843588,0
2023,Kepulauan Riau,0.29957085271095446,0.2997216607416749,0.3003923223096642,0.10031516423770648,2
2023,Lampung,0.308052741990239,0.30891566420293165,0.31306264268404155,0.06996895112278782,2
2023,Maluku,0.24371587288646676,0.24347454175816072,0.24231454407107858,0.2704950412842939,3
2023,Maluku Utara,0.2831526522527007,0.2831339993917433,0.283021630493988,0.15069171786156801,0
2023,Nusa Tenggara Barat,0.25997181497934796,0.259852151018489,0.2592662943624693,0.22090973963969365,0
2023,Nusa Tenggara Timur,0.08083434605286059,0.08059399507345841,0.07945668756361618,0.7591149713100649,3
2023,Papua,0.1876190552881926,0.18735904292852373,0.18611965056810448,0.4389022512151792,3
2023,Papua Barat,0.2015832917375509,0.20137008261646408,0.2003527288765246,0.3966938967694603,3
2023,Papua Barat Daya,0.19213621798981106,0.19188983614833785,0.19071527324200527,0.42525867261984573,3
2023,Papua Pegunungan,0.22457377025645128,0.22443709398409026,0.2237840253579239,0.32720511040153455,3
2023,Papua Selatan,0.21174481559304598,0.21154020422602027,0.21056315986171875,0.36615182031921506,3
2023,Papua Tengah,0.24399072735349206,0.24388283854369164,0.24336452014963464,0.26876191395318166,3
2023,Riau,0.21358468324913743,0.2131712684160415,0.21120032767203908,0.362043720662782,3
2023,Sulawesi Barat,0.2769066701814104,0.27697861813762353,0.2773082832866827,0.16880642839428336,2
2023,Sulawesi Selatan,0.3140440931499311,0.3144282849233212,0.3161618871039302,0.0553657348228175,2
2023,Sulawesi Tengah,0.2261398041912596,0.22588888968169255,0.22468683648511648,0.3232844696419313,3
2023,Sulawesi Tenggara,0.3031446700459847,0.3036104795429702,0.3058190913916116,0.08742575901943357,2
2023,Sulawesi Utara,0.2759219396857708,0.27564705529986633,0.27430804594678687,0.17412295906757605,0
2023,Sumatera Barat,0.3076343944366331,0.3088028600035161,0.3144847515376919,0.06907799402215879,2
2023,Sumatera Selatan,0.29786738336079205,0.2985238990633007,0.30168888720380643,0.10191983037210085,2
2023,Sumatera Utara,0.2030175311945304,0.20262077317533497,0.20073016899003243,0.39363152664010226,3
2024,Aceh,0.13391748969068956,0.13356509316290696,0.13189409943572988,0.6006233177106736,3
2024,Bali,0.2568959959496365,0.25679957579413365,0.2563314855896349,0.22997294266659496,0
2024,Banten,0.27066292234125183,0.27078896637357264,0.2713873979736912,0.18716071331148443,2
2024,Bengkulu,0.28985204295051686,0.290424265893717,0.29319217604910913,0.126531515106657,2
2024,DKI Jakarta,0.2625596419976672,0.26262949377469613,0.2629610864482479,0.21184977777938874,2
2024,Daerah Istimewa Yogyakarta,0.2795726145640787,0.279795890780136,0.28085888695997246,0.1597726076958128,2
2024,Gorontalo,0.2163464046153538,0.21610140050575152,0.21493074789451752,0.3526214469843771,3
2024,Jambi,0.30427444125521014,0.30489131054909413,0.3078315856373316,0.08300266255836418,2
2024,Jawa Barat,0.2875254427409683,0.28772660149404333,0.2886681218362033,0.1360798339287851,2
2024,Jawa Tengah,0.3027427365524073,0.3030627063421718,0.3045438071791828,0.08965074992623821,2
2024,Jawa Timur,0.30962734350246557,0.31083573700063466,0.3166986280817686,0.06283829141513118,2
2024,Kalimantan Barat,0.28266568599045633,0.2828684698315271,0.28383130514532096,0.1506345390326957,2
2024,Kalimantan Selatan,0.2977539814499881,0.29844910310802825,0.30180634429011594,0.10199057115186765,2
2024,Kalimantan Tengah,0.26235855181525747,0.26184671535622167,0.25938891065276926,0.21640582217575158,0
2024,Kalimantan Timur,0.30656118129191723,0.30771855590239156,0.3133504476124491,0.07236981519324204,2
2024,Kalimantan Utara,0.2776951580729602,0.2779201202758793,0.27899612817137864,0.16538859347978185,2
2024,Kepulauan Bangka Belitung,0.2523057436882242,0.2521502057314064,0.2514000020973738,0.2441440484829955,0
2024,Kepulauan Riau,0.2989587965794983,0.29950477895240113,0.3021163749338519,0.09942004953424863,2
2024,Lampung,0.288280625298131,0.2883203927088635,0.28848341482256795,0.1349155671704375,2
2024,Maluku,0.20676205360378297,0.20655567927996074,0.20557096583865264,0.3811113012776037,3
2024,Maluku Utara,0.28315265225270064,0.2831339993917433,0.283021630493988,0.15069171786156807,0
2024,Nusa Tenggara Barat,0.19966215484295657,0.19917910033324412,0.1968802681120301,0.4042784767117692,3
2024,Nusa Tenggara Timur,0.12433311064435873,0.12404245302853653,0.1226632698736271,0.6289611664534775,3
2024,Papua,0.2126487026572904,0.2123343091128057,0.21083245812021745,0.3641845301096865,3
2024,Papua Barat,0.22617874150158737,0.22602277680361185,0.22527633240678732,0.3225221492880135,3
2024,Papua Barat Daya,0.1628855554071255,0.16259554310051905,0.1612156030743908,0.5133032984179646,3
2024,Papua Pegunungan,0.22457377025645128,0.22443709398409026,0.2237840253579239,0.32720511040153455,3
2024,Papua Selatan,0.2258281691265718,0.22563713293025214,0.2247232023284227,0.3238114956147534,3
2024,Papua Tengah,0.24399072735349206,0.24388283854369164,0.24336452014963464,0.26876191395318166,3
2024,Riau,0.27016803862169547,0.2701568186444517,0.2700921575653122,0.18958298516854058,0
2024,Sulawesi Barat,0.29707943340640275,0.2969169510925893,0.29607844455300636,0.10992517094800155,0
2024,Sulawesi Selatan,0.3152772173637988,0.3156967982882736,0.3175898352849809,0.051436149062946815,2
2024,Sulawesi Tengah,0.19045333926760571,0.19015532286060796,0.1887346308633403,0.430656707008446,3
2024,Sulawesi Tenggara,0.28870947540125436,0.28897867118464504,0.2902563269198407,0.13205552649425983,2
2024,Sulawesi Utara,0.2519590549258658,0.25158653852800833,0.24979774354286516,0.24665666300326072,0
2024,Sumatera Barat,0.3026375942345216,0.3031426497393263,0.3055445330621513,0.08867522296400074,2
2024,Sumatera Selatan,0.27882634696718306,0.2782026356107724,0.27520451618038366,0.1677665012416609,0
2024,Sumatera Utara,0.2852936623364816,0.2852813151739881,0.28519713817537895,0.14422788431415132,0
2025,Aceh,0.1969619807428704,0.19644400360286574,0.19398415942068295,0.41260985623358093,3
2025,Bali,0.25318753686988393,0.2530726584625618,0.25251735999237696,0.24122244467517728,0
2025,Banten,0.24063999109027298,0.24054480542295048,0.2400871387672371,0.2787280647195395,3
2025,Bengkulu,0.25146661776567664,0.25137675511957297,0.2509415724815805,0.24621505463316992,0
2025,DKI Jakarta,0.26180983201936675,0.26187451733504713,0.262181502885535,0.2141341477600511,2
2025,Daerah Istimewa Yogyakarta,0.2816758921344492,0.28191487149966554,0.2830533662050162,0.15335587016086905,2
2025,Gorontalo,0.25278966101287403,0.2525254929246619,0.25125476312559425,0.24343008293686988,0
2025,Jambi,0.2838959360694721,0.28346290110371664,0.28135926984890425,0.15128189297790695,0
2025,Jawa Barat,0.28765326843670885,0.28783025341203045,0.2886544530567687,0.135862025094492,2
2025,Jawa Tengah,0.2859477112787837,0.28635778862324535,0.2883290984098161,0.13936540168815487,2
2025,Jawa Timur,0.30638078303759975,0.307596557672741,0.3135250464301043,0.07249761285955483,2
2025,Kalimantan Barat,0.2799322617656192,0.27995973203372226,0.2800718465842461,0.1600361596164125,2
2025,Kalimantan Selatan,0.3074545040254964,0.3085879546578883,0.3140940302650448,0.06986351105157061,2
2025,Kalimantan Tengah,0.30854719830608185,0.30851987841855294,0.3082856199365991,0.0746473033387661,0
2025,Kalimantan Timur,0.30800120631220945,0.3092788071931614,0.31551054289232233,0.0672094436023069,2
2025,Kalimantan Utara,0.2847621027086359,0.28513227730016627,0.2869122089041394,0.1431934110870585,2
2025,Kepulauan Bangka Belitung,0.2889575243989087,0.2893788743877761,0.29140423114459835,0.13025937006871677,2
2025,Kepulauan Riau,0.2873534318779042,0.2874499851578277,0.2878912792459331,0.13730530371833496,2
2025,Lampung,0.26044360338482603,0.26047693285170237,0.260632896855507,0.21844656690796452,2
2025,Maluku,0.13929786600935778,0.1390060906950636,0.13761925714270956,0.5840767861528691,3
2025,Maluku Utara,0.28315265225270064,0.2831339993917433,0.283021630493988,0.15069171786156807,0
2025,Nusa Tenggara Barat,0.2406167360881726,0.24030821411785683,0.23882590899610223,0.28024914079786833,3
2025,Nusa Tenggara Timur,0.11647921876717086,0.11608524251377278,0.11422320644640538,0.653212332272651,3
2025,Papua,0.17056925995077246,0.17023285242465933,0.16863227585635773,0.4905656117682105,3
2025,Papua Barat,0.22671394568165512,0.22656079278275484,0.2258278323265808,0.32089742920900927,3
2025,Papua Barat Daya,0.27547022881581607,0.2756214863912103,0.2763387708220095,0.1725695139709641,2
2025,Papua Pegunungan,0.22457377025645128,0.22443709398409026,0.2237840253579239,0.32720511040153455,3
2025,Papua Selatan,0.21872002230215834,0.21844668022401784,0.2171403897688988,0.345692907704925,3
2025,Papua Tengah,0.24399072735349206,0.24388283854369164,0.24336452014963464,0.26876191395318166,3
2025,Riau,0.2846054798673949,0.28479405886545384,0.28568324195399003,0.14491721931316132,2
2025,Sulawesi Barat,0.2769066701814104,0.27697861813762353,0.2773082832866827,0.16880642839428336,2
2025,Sulawesi Selatan,0.3170682048797155,0.316401617205633,0.3130619362989767,0.053468241615674865,0
2025,Sulawesi Tengah,0.2280047323619345,0.22782289872891293,0.22695276828301508,0.3172196006261375,3
2025,Sulawesi Tenggara,0.2855970511814065,0.28580648521421126,0.2867969087867022,0.14179955481767995,2
2025,Sulawesi Utara,0.28588165800254545,0.28586334170228306,0.285748249636514,0.1425067506586575,0
2025,Sumatera Barat,0.29906416709360417,0.2996731016902348,0.3026005865184953,0.09866214469766582,2
2025,Sumatera Selatan,0.27736769213650636,0.27756814952141984,0.278526821416913,0.16653733692516084,2
2025,Sumatera Utara,0.2952345793766602,0.2954153445461086,0.2962499538612517,0.11310012221597944,2
