Tahun,Provinsi,u_cluster_0,u_cluster_1,u_cluster_2,u_cluster_3,label
2019,Aceh,0.18640850496754063,0.43279121488696093,0.1904036803714083,0.19039659977409007,1
2019,Bali,0.2487007135633797,0.24870614323839318,0.2512988032201724,0.25129433997805467,2
2019,Banten,0.2540045197603406,0.2373283370219094,0.2543338288179951,0.2543333143997549,2
2019,Bengkulu,0.2591960761367388,0.2191782743208573,0.2608141798690144,0.26081146967338953,2
2019,DKI Jakarta,0.25691641689484007,0.22965356856434846,0.25671481357348824,0.2567152009673232,0
2019,Daerah Istimewa Yogyakarta,0.28796413394291903,0.14757296274254125,0.2822264751099088,0.2822364282046309,0
2019,Gorontalo,0.28686500294025946,0.13780138992937085,0.2876672948931249,0.2876663122372447,2
2019,Jambi,0.22363558873412806,0.3185622991277471,0.22890567355126248,0.22889643858686234,1
2019,Jawa Barat,0.26948652721503846,0.19360522435699462,0.26845315844648954,0.2684550899814773,0
2019,Jawa Tengah,0.311055496727973,0.09460174116381027,0.29715962680804725,0.29718313530016943,0
2019,Jawa Timur,0.31225193668781975,0.09304071009953865,0.29734114081493673,0.2973662123977049,0
2019,Kalimantan Barat,0.2880351588613348,0.13295285480419075,0.2895069883441979,0.2895049979902765,2
2019,Kalimantan Selatan,0.30947185832415275,0.09862148215848351,0.2959419226832705,0.29596473683409324,0
2019,Kalimantan Tengah,0.3170544798292751,0.07645818891146702,0.3032317854869749,0.30325554577228286,0
2019,Kalimantan Timur,0.31182849962864373,0.08994938549264182,0.29910016688792473,0.2991219479907897,0
2019,Kalimantan Utara,0.2894472164870715,0.1424199085383752,0.2840617491278369,0.28407112584671645,0
2019,Kepulauan Bangka Belitung,0.20924985920837236,0.3650315835460807,0.21286246180748464,0.21285609543806236,1
2019,Kepulauan Riau,0.27943091531692843,0.1443456528779278,0.28811910000283786,0.28810433180230594,2
2019,Lampung,0.267189760174242,0.19878094868489624,0.267014426180488,0.2670148649603738,0
2019,Maluku,0.26472571554659563,0.18687812725772512,0.2742063397318256,0.2741898174638536,2
2019,Maluku Utara,0.26316484200211687,0.2073740194018634,0.26473185778220937,0.26472928081381036,2
2019,Nusa Tenggara Barat,0.2707897691538317,0.18941254680434774,0.2698979986847198,0.26989968535710085,0
2019,Nusa Tenggara Timur,0.10643064852749735,0.6701558373454701,0.11171153461954053,0.11170197950749215,1
2019,Papua,0.23219520481939052,0.29857582859778264,0.23461659505776875,0.23461237152505807,1
2019,Papua Barat,0.24214275289318324,0.2709219067707261,0.24346882161003028,0.24346651872606043,1
2019,Riau,0.23828698693791464,0.27833275849150974,0.24169307360138825,0.24168718096918737,1
2019,Sulawesi Barat,0.28197436924698993,0.16248734701426507,0.2777654709661647,0.2777728127725803,0
2019,Sulawesi Selatan,0.316261042780582,0.06367400536370181,0.31002642005338393,0.3100385318023323,0
2019,Sulawesi Tengah,0.21292703061496698,0.3497352005823564,0.2186739576004259,0.21866381120225073,1
2019,Sulawesi Tenggara,0.27187458633990413,0.18100986835606406,0.2735591266703145,0.2735564186337173,2
2019,Sulawesi Utara,0.28368301372095084,0.15275103300984016,0.28178119911399774,0.2817847541552112,0
2019,Sumatera Barat,0.3142213121973377,0.08375155415296531,0.3010022559132024,0.3010248777364946,0
2019,Sumatera Selatan,0.2794274342741878,0.16765985319907856,0.27645371690071946,0.2764589956260142,0
2019,Sumatera Utara,0.2599340530577126,0.21105879348998785,0.2645074835509412,0.2644996699013583,2
2020,Aceh,0.20741634974451678,0.37165978874039163,0.21046462313622807,0.21045923837886352,1
2020,Bali,0.2403167264229097,0.27474941450827767,0.24246879805386454,0.24246506101494802,1
2020,Banten,0.2580502056851511,0.22611857527263052,0.2579154602641695,0.25791575877804895,0
2020,Bengkulu,0.3108387064691982,0.09133181328474681,0.2989045126343562,0.2989249676116988,0
2020,DKI Jakarta,0.25871865507312064,0.22481121800407203,0.25823462002653,0.2582355068962773,0
2020,Daerah Istimewa Yogyakarta,0.2940695770708259,0.13358876185196727,0.28616405204811624,0.28617760902909056,0
2020,Gorontalo,0.31248904527447335,0.09019780324807895,0.29864486909023935,0.2986682823872084,0
2020,Jambi,0.18916421096971234,0.42039115119360865,0.19522770427590116,0.19521693356077785,1
2020,Jawa Barat,0.29339459865032474,0.12938425073399853,0.28860628946534356,0.2886148611503332,0
2020,Jawa Tengah,0.3126323019885446,0.07950549491332275,0.30392323655491554,0.3039389665432171,0
2020,Jawa Timur,0.3093059652532074,0.09926706133774883,0.2957020177469307,0.295724955662113,0
2020,Kalimantan Barat,0.31083251637856424,0.09019148432118003,0.29947820180221557,0.2994977974980402,0
2020,Kalimantan Selatan,0.3084356223221714,0.10084275333284161,0.2953497688088988,0.29537185553608813,0
2020,Kalimantan Tengah,0.31496679564333047,0.07455250888469737,0.3052316780807989,0.30524901739117327,0
2020,Kalimantan Timur,0.3121650929832962,0.09235701176798938,0.2977267706232476,0.2977511246254669,0
2020,Kalimantan Utara,0.2893252684019429,0.14149317686874247,0.28458660483317216,0.2845949498961425,0
2020,Kepulauan Bangka Belitung,0.2718928378400732,0.1793245624834185,0.274393342166054,0.2743892575104544,2
2020,Kepulauan Riau,0.2818044870051863,0.1524430871721018,0.2828769450336861,0.28287548078902586,2
2020,Lampung,0.2626924162480826,0.19434759044886696,0.27148764912247125,0.27147234418057914,2
2020,Maluku,0.18093620108157424,0.4489724245953166,0.18504933454693925,0.1850420397761699,1
2020,Maluku Utara,0.2842467487941438,0.15083141207710618,0.2824592441821497,0.2824625949466003,0
2020,Nusa Tenggara Barat,0.21698369429060124,0.3414269616119055,0.22079801778043415,0.2207913263170591,1
2020,Nusa Tenggara Timur,0.1713139493572548,0.4653673622878806,0.18166873678514342,0.18164995156972116,1
2020,Papua,0.18695069378303775,0.4301131113512115,0.19147210487262595,0.19146408999312486,1
2020,Papua Barat,0.24235504833260751,0.2698951384591643,0.24387622413614624,0.24387358907208195,1
2020,Riau,0.21172349168034718,0.358866349722941,0.2147077078224145,0.21470245077429725,1
2020,Sulawesi Barat,0.252233460641796,0.24039067853535787,0.25368915649281404,0.2536867043300321,2
2020,Sulawesi Selatan,0.31223779942624313,0.06988969375896685,0.30893272546946815,0.3089397813453218,0
2020,Sulawesi Tengah,0.29028392678580317,0.13951143162071003,0.2850977722754116,0.2851068693180752,0
2020,Sulawesi Tenggara,0.31133699881853666,0.08447983703222438,0.3020834149222299,0.30209974922700905,0
2020,Sulawesi Utara,0.2567415306625111,0.2304697171186165,0.2563940581809158,0.2563946940379566,0
2020,Sumatera Barat,0.3196630859898567,0.07300663472519474,0.3036515577021425,0.30367872158280607,0
2020,Sumatera Selatan,0.3124211670748766,0.0888418253365413,0.29935734304294054,0.2993796645456416,0
2020,Sumatera Utara,0.3058852859145172,0.09740826663347281,0.2983465518795444,0.29835989557246556,0
2021,Aceh,0.15302861017054709,0.5319290090994784,0.1575252009655425,0.15751717976443205,1
2021,Bali,0.24335934342616586,0.2648995494159819,0.24587272665979035,0.2458683804980619,1
2021,Banten,0.26519555655737675,0.20521519042542855,0.2647942146136905,0.2647950384035041,0
2021,Bengkulu,0.26975221276632333,0.19182375236742316,0.26921149015983126,0.2692125447064223,0
2021,DKI Jakarta,0.2635432287039069,0.2115352350820943,0.26245979704440675,0.26246173916959203,0
2021,Daerah Istimewa Yogyakarta,0.2749168105579345,0.18056508409189134,0.27225670766907767,0.2722613976810966,0
2021,Gorontalo,0.23285364580221915,0.29824355791779034,0.23445280078985872,0.23444999549013176,1
2021,Jambi,0.26594572094614594,0.20223519689767783,0.26590944077905837,0.2659096413771179,0
2021,Jawa Barat,0.2868360527822548,0.1461441269940813,0.2835068855375002,0.2835129346861637,0
2021,Jawa Tengah,0.3069685233088933,0.08906321924405307,0.30197937830531596,0.3019888791417377,0
2021,Jawa Timur,0.31173049335993086,0.0914878130604925,0.2983794924155763,0.2984022011640004,0
2021,Kalimantan Barat,0.30213162146256256,0.11147099262761048,0.29319097564313007,0.2932064102666969,0
2021,Kalimantan Selatan,0.31296525565682765,0.09117887050480933,0.29791528934672395,0.29794058449163907,0
2021,Kalimantan Tengah,0.25443979706430175,0.22199669704939368,0.2617881444471533,0.2617753614391512,2
2021,Kalimantan Timur,0.32310240846167215,0.07025112162532056,0.3033067260550919,0.3033397438579153,0
2021,Kalimantan Utara,0.28033277044490074,0.16673171429852984,0.2764643893951465,0.2764711258614229,0
2021,Kepulauan Bangka Belitung,0.2381352909310885,0.2770943177267947,0.24238889669731764,0.24238149464479916,1
2021,Kepulauan Riau,0.23485360560141072,0.2891734857126061,0.23798917555112067,0.23798373313486249,1
2021,Lampung,0.27043479741566795,0.16686053384826768,0.28136182131051446,0.28134284742554994,2
2021,Maluku,0.1637160098320541,0.5002783675233531,0.16800663317327538,0.1679989894713174,1
2021,Maluku Utara,0.24965645410471254,0.2462407132846292,0.2520534747307825,0.25204935787987576,2
2021,Nusa Tenggara Barat,0.23675438956762404,0.2809601861732779,0.24114652003296913,0.241138904226129,1
2021,Nusa Tenggara Timur,0.22893281331868262,0.3003987980901952,0.23533980769213642,0.23532858089898578,1
2021,Papua,0.22248132783210461,0.31103951748380604,0.23324921102932,0.23322994365476934,1
2021,Papua Barat,0.21644487429725406,0.3452870744810119,0.21913639426049453,0.21913165696123954,1
2021,Riau,0.2995585109903921,0.11800461405586612,0.2912112416863682,0.2912256332673736,0
2021,Sulawesi Barat,0.2777526223896405,0.16883305970163529,0.27670612917010684,0.2767081887386174,0
2021,Sulawesi Selatan,0.3055087134757927,0.0862842534250674,0.30410177513320924,0.30410525796593063,0
2021,Sulawesi Tengah,0.21668997499957587,0.3421989634964926,0.22055892632852392,0.22055213517540764,1
2021,Sulawesi Tenggara,0.2992266416508621,0.1150457832676691,0.2928581666727058,0.292869408408763,0
2021,Sulawesi Utara,0.2906432725260374,0.123158459849867,0.2931009206699709,0.29309734695412465,2
2021,Sumatera Barat,0.31227058962750803,0.08914791388063477,0.2992796910548448,0.2993018054370124,0
2021,Sumatera Selatan,0.32347357319074366,0.06738927368356465,0.3045526492012813,0.3045845039244104,0
2021,Sumatera Utara,0.17787975670866443,0.4556678583578913,0.1832309468021064,0.18322143813133787,1
2022,Aceh,0.13906708598534337,0.5692573436792939,0.14584390481815696,0.1458316655172058,1
2022,Bali,0.25121597929840983,0.24298850392235086,0.2528991972126496,0.25289631956658976,2
2022,Banten,0.26681485096264757,0.20012118820142438,0.2665316565869238,0.2665323042490043,0
2022,Bengkulu,0.2854783937457538,0.15315202059741398,0.2806806164736941,0.28068896918313824,0
2022,DKI Jakarta,0.260460799072471,0.21480565247361924,0.2623683709834761,0.26236517747043375,2
2022,Daerah Istimewa Yogyakarta,0.2932104790077058,0.13305117099092037,0.2868636563033589,0.28687469369801494,0
2022,Gorontalo,0.2298194331348768,0.30017919041927466,0.23500523462722064,0.23499614181862785,1
2022,Jambi,0.25470156009432127,0.22651612445287939,0.25939520055185944,0.2593871149009399,2
2022,Jawa Barat,0.27861646226150344,0.16659890923349271,0.2773911105435294,0.27739351796147443,0
2022,Jawa Tengah,0.30605103352651364,0.08980465476710596,0.3020682178310522,0.30207609387532824,0
2022,Jawa Timur,0.31598991195002585,0.08146181717892906,0.3012615916910634,0.30128667917998175,0
2022,Kalimantan Barat,0.286693154352296,0.14178843849069733,0.28575820279076947,0.2857602043662372,0
2022,Kalimantan Selatan,0.3152663227496582,0.08436152146366546,0.30017332166610133,0.30019883412057496,0
2022,Kalimantan Tengah,0.25797239710162995,0.21242259274402014,0.26480842669467697,0.264796583459673,2
2022,Kalimantan Timur,0.31457523109235186,0.0876447038754978,0.29887684991396046,0.29890321511818985,0
2022,Kalimantan Utara,0.280338688389144,0.16671607538519653,0.27646924895687197,0.2764759872687874,0
2022,Kepulauan Bangka Belitung,0.2780185665992417,0.16187192642943382,0.2800563673903307,0.2800531395809938,2
2022,Kepulauan Riau,0.25725367902745894,0.22627324362786697,0.2582373498424556,0.2582357275022185,2
2022,Lampung,0.31066892844907745,0.09355221438963247,0.29787855137874814,0.297900305782542,0
2022,Maluku,0.29436491642372525,0.1257126495506712,0.2899572849210612,0.28996514910454235,0
2022,Maluku Utara,0.22290138450374028,0.3263570018522269,0.22537297529107134,0.22536863835296145,1
2022,Nusa Tenggara Barat,0.22646298144069035,0.3094645852206174,0.23204109239223783,0.23203134094645436,1
2022,Nusa Tenggara Timur,0.18812859633659698,0.42235630978055055,0.19476345857739455,0.19475163530545794,1
2022,Papua,0.21872280144662265,0.33882274470461676,0.2212294333708115,0.22122502047794906,1
2022,Papua Barat,0.21802408846643728,0.3409412483006569,0.22051952984966575,0.22051513338324003,1
2022,Papua Barat Daya,0.15928576466531155,0.5132166639423827,0.16375276493421345,0.16374480645809228,1
2022,Papua Pegunungan,0.22286092936913832,0.32718442333574904,0.22497918956487686,0.22497545773023575,1
2022,Papua Selatan,0.24541899096329506,0.25505785851092444,0.24976534718179497,0.2497578033439855,1
2022,Papua Tengah,0.24262358237859627,0.2687613154198998,0.24430901430723453,0.24430608789426939,1
2022,Riau,0.2535684125601578,0.2270236258787227,0.2597092912262892,0.25969867033483024,2
2022,Sulawesi Barat,0.2777526223896405,0.16883305970163529,0.27670612917010684,0.2767081887386174,0
2022,Sulawesi Selatan,0.3158685719116938,0.07253201967133913,0.30579072066916885,0.3058086877477982,0
2022,Sulawesi Tengah,0.18539288197947515,0.4323681955054426,0.19112455234600031,0.19111437016908195,1
2022,Sulawesi Tenggara,0.30691825071076695,0.09584877973106776,0.29860917183436303,0.29862379772380226,0
2022,Sulawesi Utara,0.288917944745973,0.1276624104589286,0.29171195197191435,0.29170769282318415,2
2022,Sumatera Barat,0.32015152262355956,0.07400258153319039,0.3029084382369433,0.30293745760630675,0
2022,Sumatera Selatan,0.3195474292854347,0.0767127837615724,0.3018550612939063,0.30188472565908653,0
2022,Sumatera Utara,0.2729451856104541,0.16717480039553115,0.2799459524027469,0.2799340615912679,2
2023,Aceh,0.11868002607889565,0.6327942947736901,0.12426788529917213,0.12425779384824209,1
2023,Bali,0.2561887099057958,0.2287544052444102,0.25752957296943396,0.25752731188036004,2
2023,Banten,0.2694169899486284,0.19481057740118296,0.2678848340684829,0.26788759858170574,0
2023,Bengkulu,0.3006267625652514,0.11773722157967811,0.2908096267700183,0.2908263890850521,0
2023,DKI Jakarta,0.26354617650680257,0.21152697784083171,0.26246245150312436,0.2624643941492414,0
2023,Daerah Istimewa Yogyakarta,0.28177416727857907,0.16192428949691579,0.27814757118598815,0.278153972038517,0
2023,Gorontalo,0.23102669220988395,0.29960636742719077,0.2346866646038084,0.23468027575911682,1
2023,Jambi,0.28474800428427677,0.15095790063956363,0.2821446664891312,0.2821494285870283,0
2023,Jawa Barat,0.27643765994376707,0.1732455502828941,0.2751571650384094,0.27515962473492944,0
2023,Jawa Tengah,0.30643210398663295,0.08657295788935687,0.3034943579226496,0.3035005802013606,0
2023,Jawa Timur,0.317344219791442,0.08035354015761012,0.30113743482031186,0.30116480523063593,0
2023,Kalimantan Barat,0.28735008727331274,0.14334844822576281,0.28464826293554363,0.2846532015653808,0
2023,Kalimantan Selatan,0.3110920359599322,0.09509257129377725,0.2968957351294054,0.2969196576168851,0
2023,Kalimantan Tengah,0.2880831971401384,0.11081079272924776,0.30056369778574654,0.3005423123448672,2
2023,Kalimantan Timur,0.3118099060326446,0.09352777694241853,0.2973189553418269,0.29734336168311,0
2023,Kalimantan Utara,0.2800573764530522,0.16667477492904442,0.2766309149625498,0.27663693365535363,0
2023,Kepulauan Bangka Belitung,0.28524943405006215,0.11890411943977255,0.2979341076201769,0.2979123388899884,2
2023,Kepulauan Riau,0.3012739544482744,0.1003610462405381,0.29918027361627275,0.2991847256949147,0
2023,Lampung,0.31898573912780426,0.06998526121774885,0.30550280455657286,0.30552619509787393,0
2023,Maluku,0.2406532348594011,0.2705013635960271,0.24442597153927592,0.24441943000529584,1
2023,Maluku Utara,0.28282384374476144,0.15072635303378354,0.2832250772770714,0.28322472594438364,2
2023,Nusa Tenggara Barat,0.25840913894429046,0.22093106751747918,0.26033148245422255,0.26032831108400784,2
2023,Nusa Tenggara Timur,0.07788727211273927,0.7590000707730409,0.08155964871072283,0.08155300840349704,1
2023,Papua,0.18437750516370022,0.4388439511082367,0.18839283182145883,0.18838571190660425,1
2023,Papua Barat,0.19892016879124386,0.3966500310402816,0.2022178156425912,0.20221198452588324,1
2023,Papua Barat Daya,0.18906432462884787,0.425202730610767,0.19286984523136153,0.19286309952902356,1
2023,Papua Pegunungan,0.22286092936913832,0.32718442333574904,0.22497918956487686,0.22497545773023575,1
2023,Papua Selatan,0.20918366745286818,0.3661185058088736,0.21235170884906218,0.212346117889196,1
2023,Papua Tengah,0.24262358237859627,0.2687613154198998,0.24430901430723453,0.24430608789426939,1
2023,Riau,0.20840725990381512,0.3620201694985446,0.21479194334435264,0.21478062725328764,1
2023,Sulawesi Barat,0.27775262238964044,0.1688330597016353,0.27670612917010684,0.27670818873861736,0
2023,Sulawesi Selatan,0.31849470488923626,0.0554113990862767,0.3130413632825857,0.3130525327419014,0
2023,Sulawesi Tengah,0.22297566579269795,0.3232729689421211,0.22687909710568305,0.22687226815949793,1
2023,Sulawesi Tenggara,0.3089310240705452,0.08745934215439813,0.3017984029334478,0.3018112308416089,0
2023,Sulawesi Utara,0.27236109961166327,0.1741602462280539,0.2767429914648169,0.27673566269546584,2
2023,Sumatera Barat,0.3226901131339078,0.06906970280915957,0.30410447518206957,0.3041357088748631,0
2023,Sumatera Selatan,0.3062221505094594,0.10193300488086075,0.2959135559374978,0.2959312886721821,0
2023,Sumatera Utara,0.1980571888357365,0.3935928458353672,0.20418041612077498,0.2041695492081213,1
2024,Aceh,0.12956120478746644,0.6005261737803349,0.13496116556318374,0.13495145586901489,1
2024,Bali,0.25565262962557195,0.22998537820448722,0.25718228710678287,0.25717970506315796,2
2024,Banten,0.2722296803925008,0.18717680930200295,0.27029502166027175,0.27029848864522454,0
2024,Bengkulu,0.297171048118885,0.12653514494817597,0.28813920534544796,0.288154601587491,0
2024,DKI Jakarta,0.2634270034697186,0.2118608440746488,0.2623551154157514,0.2623570370398813,0
2024,Daerah Istimewa Yogyakarta,0.28236126385357085,0.15979224131512967,0.2789201867315111,0.27892630809978836,0
2024,Gorontalo,0.21327226407728692,0.35259646753200263,0.21706897883202209,0.21706228955868836,1
2024,Jambi,0.31199857280378007,0.08302848096925919,0.3024780311654236,0.3024949150615371,0
2024,Jawa Barat,0.28997578585523365,0.13610982249471062,0.28695438404172335,0.28696000760833235,0
2024,Jawa Tengah,0.3065833681671957,0.08968970645842374,0.30185893571447264,0.30186798965990785,0
2024,Jawa Timur,0.3251476268544743,0.0628335154369089,0.30599323609556556,0.30602562161305125,0
2024,Kalimantan Barat,0.2851862656856154,0.15066042374619332,0.28207386694728376,0.2820794436209076,0
2024,Kalimantan Selatan,0.3066240187583437,0.10199939649568125,0.2956789249028877,0.2956976598430874,0
2024,Kalimantan Tengah,0.25587176749216484,0.21642305261538675,0.26385953319074634,0.2638456467017021,2
2024,Kalimantan Timur,0.32148990155289214,0.0723584286158484,0.30306037856629947,0.30309129126495993,0
2024,Kalimantan Utara,0.28052318512743313,0.1654068606891975,0.27703191004809735,0.277038044135272,0
2024,Kepulauan Bangka Belitung,0.25031944457742694,0.24415779090773623,0.2527634815000425,0.2527592830147943,2
2024,Kepulauan Riau,0.30582802949087,0.09944494377348612,0.29735607184862084,0.297370954887023,0
2024,Lampung,0.28867274074218235,0.13495198497747268,0.2881870028087665,0.2881882714715785,0
2024,Maluku,0.20418322388374383,0.38107243741780866,0.20737499150023592,0.20736934719821165,1
2024,Maluku Utara,0.28282384374476144,0.15072635303378354,0.2832250772770714,0.28322472594438364,2
2024,Nusa Tenggara Barat,0.1936294203590896,0.40424465344830257,0.20106958808283787,0.20105633810977,1
2024,Nusa Tenggara Timur,0.12074963803005728,0.6288411195027764,0.1252086228010156,0.12520061966615065,1
2024,Papua,0.20870170048156444,0.36416305530591286,0.21357191512372506,0.21356332908879766,1
2024,Papua Barat,0.22421726767434058,0.3225064327091662,0.22664027490161007,0.22663602471488314,1
2024,Papua Barat Daya,0.15928576466531155,0.5132166639423827,0.16375276493421345,0.16374480645809228,1
2024,Papua Pegunungan,0.22286092936913832,0.32718442333574904,0.22497918956487686,0.22497545773023575,1
2024,Papua Selatan,0.22342579753753958,0.3237958351265434,0.2263917877721141,0.2263865795638028,1
2024,Papua Tengah,0.24262358237859627,0.2687613154198998,0.24430901430723453,0.24430608789426939,1
2024,Riau,0.2699797088533306,0.18960661997731115,0.270206951221457,0.2702067199479012,2
2024,Sulawesi Barat,0.29479946693015613,0.10997238065987651,0.2976160821410374,0.29761207026893,2
2024,Sulawesi Selatan,0.32013714629329026,0.051482756705135815,0.31418394962621754,0.3141961473753564,0
2024,Sulawesi Tengah,0.18673311840679693,0.4306033872254821,0.19133582677052705,0.191327667597194,1
2024,Sulawesi Tenggara,0.29205576989976656,0.1320838281709382,0.28792649766459755,0.2879339042646977,0
2024,Sulawesi Utara,0.24723566223994786,0.24667455319836945,0.253049946301644,0.2530398382600386,2
2024,Sumatera Barat,0.30893992106664697,0.08870430121294773,0.30117095834328167,0.3011848193771236,0
2024,Sumatera Selatan,0.2709106982088734,0.16779075001573537,0.28065772465015293,0.28064082712523825,2
2024,Sumatera Utara,0.2850378895129435,0.1442611833798187,0.28535054635682006,0.28535038075041774,2
2025,Aceh,0.19051496845249777,0.41256283681537764,0.19846821908925913,0.19845397564286543,1
2025,Bali,0.25171634477052607,0.24123216381673743,0.2535272920760917,0.2535241993366448,2
2025,Banten,0.23943347679980354,0.2787243085197249,0.24092239709968838,0.2409198175807832,1
2025,Bengkulu,0.2503122618905724,0.24622436732083547,0.2517328924382965,0.2517304783502957,2
2025,DKI Jakarta,0.262612656501178,0.214144676286716,0.2616204435837917,0.2616222236283142,0
2025,Daerah Istimewa Yogyakarta,0.2846633064064389,0.15337682249117343,0.2809766621152159,0.28098320898717183,0
2025,Gorontalo,0.24943203495504793,0.24344289573851238,0.2535661113718285,0.2535589579346112,2
2025,Jambi,0.2783156280556939,0.15131716870109388,0.2851893925254158,0.28517781071779646,2
2025,Jawa Barat,0.28979257981564754,0.13589342840380006,0.2871545079067754,0.2871594838737771,0
2025,Jawa Tengah,0.29114492076034115,0.13937871235805296,0.28473262584253695,0.28474374103906885,0
2025,Jawa Timur,0.32210960988682463,0.07248071131618355,0.3026886439405873,0.30272103485640445,0
2025,Kalimantan Barat,0.280198496524396,0.16006924141668177,0.27986569147031765,0.2798665705886046,0
2025,Kalimantan Selatan,0.3220374389021449,0.06985884719936485,0.3040366901861561,0.30406702371233413,0
2025,Kalimantan Tengah,0.30781728121381724,0.07469973082351357,0.3087415150642076,0.30874147289846154,2
2025,Kalimantan Timur,0.32453555578647447,0.06719254152010644,0.3041189386450086,0.30415296404841047,0
2025,Kalimantan Utara,0.28945489145559977,0.1432066948646125,0.2836641913102215,0.2836742223695662,0
2025,Kepulauan Bangka Belitung,0.2942963159363303,0.13027555182383288,0.287708355159391,0.28771977708044577,0
2025,Kepulauan Riau,0.28848377758047555,0.1373431899600623,0.28708513078869957,0.2870879016707625,0
2025,Lampung,0.2608475862070149,0.2184574146830706,0.26034703346568683,0.2603479656442277,0
2025,Maluku,0.1356886696435466,0.5839675543444004,0.14017589677603323,0.1401678792360198,1
2025,Maluku Utara,0.28282384374476144,0.15072635303378354,0.2832250772770714,0.28322472594438364,2
2025,Nusa Tenggara Barat,0.23670354001679977,0.2802582171737383,0.24152330487963905,0.24151493792982295,1
2025,Nusa Tenggara Timur,0.1116226016011559,0.6531285328490793,0.11762988100005015,0.11761898454971459,1
2025,Papua,0.1663862087484733,0.4904891947408646,0.17156691419660713,0.17155768231405502,1
2025,Papua Barat,0.22478790095932474,0.3208820882014066,0.22716709228743573,0.22716291855183296,1
2025,Papua Barat Daya,0.27734648342121543,0.172591021391981,0.2750291646047296,0.27503333058207396,0
2025,Papua Pegunungan,0.22286092936913832,0.32718442333574904,0.22497918956487686,0.22497545773023575,1
2025,Papua Selatan,0.21528740422211196,0.3456713614268502,0.21952434782030925,0.21951688653072854,1
2025,Papua Tengah,0.24262358237859627,0.2687613154198998,0.24430901430723453,0.24430608789426939,1
2025,Riau,0.2869260345879889,0.1449454650526832,0.2840616360917506,0.2840668642675774,0
2025,Sulawesi Barat,0.27775262238964044,0.1688330597016353,0.27670612917010684,0.27670818873861736,0
2025,Sulawesi Selatan,0.3081300896125849,0.053515097667210305,0.3191859622748136,0.3191688504453911,2
2025,Sulawesi Tengah,0.22571690897998054,0.31720589899877394,0.22854107386849398,0.22853611815275152,1
2025,Sulawesi Tenggara,0.288185482115324,0.1418282136425752,0.28499025877481005,0.28499604546729085,0
2025,Sulawesi Utara,0.2855392866479851,0.14254791721107535,0.285956554740019,0.28595624140092046,2
2025,Sumatera Barat,0.30678218070310537,0.09868011722956771,0.2972606003175802,0.2972771017497466,0
2025,Sumatera Selatan,0.2798862727262773,0.16655656078791017,0.276775849815395,0.2767813166704176,0
2025,Sumatera Utara,0.29739122525477024,0.11313957794949865,0.29473203323252944,0.2947371635632017,0
