Tahun,Provinsi,u_cluster_0,u_cluster_1,u_cluster_2,u_cluster_3,label
2019,Aceh,0.4328388369137398,0.18981169687825006,0.18764833053405913,0.18970113567395094,0
2019,Bali,0.2486987305461441,0.2509238306451787,0.2495240115196834,0.2508534272889938,1
2019,Banten,0.2373226143988095,0.2542868394110231,0.25411208147913816,0.2542784647110293,1
2019,Bengkulu,0.21916514890534627,0.2605820818383311,0.25971379575384623,0.2605389735024765,1
2019,DKI Jakarta,0.2296479758450576,0.2567451389633448,0.25685584650559806,0.2567510386859996,2
2019,Daerah Istimewa Yogyakarta,0.1475623714510053,0.28306170126149277,0.2861577337441004,0.2832181935434016,2
2019,Gorontalo,0.13776786159228477,0.28755385234058395,0.2871419531010907,0.28753633296604053,1
2019,Jambi,0.31857026411818923,0.2281410831593234,0.22529231408186873,0.22799633864061863,0
2019,Jawa Barat,0.19359112562703706,0.2686048057251828,0.2691695938878192,0.26863447475996094,2
2019,Jawa Tengah,0.09460515920762314,0.29918512097128824,0.3066519927287263,0.2995577270923624,2
2019,Jawa Timur,0.09304869658813837,0.2995164647440137,0.30752022389665873,0.2999146147711892,2
2019,Kalimantan Barat,0.13291699470674098,0.28929415022334576,0.28852884633852977,0.2892600087313836,1
2019,Kalimantan Selatan,0.0986260881145968,0.29791532680941085,0.3051812880238889,0.2982772970521034,2
2019,Kalimantan Tengah,0.07644969986966729,0.3052422787205564,0.312690999583558,0.30561702182621825,2
2019,Kalimantan Timur,0.08994445795598746,0.3009528301904443,0.3078058969881175,0.30129681486545073,2
2019,Kalimantan Utara,0.14240712679686846,0.2848459410265518,0.287753734805119,0.2849931973714608,2
2019,Kepulauan Bangka Belitung,0.3650562307991005,0.21233260060123102,0.2103781608233801,0.21223300777628837,0
2019,Kepulauan Riau,0.14432023817004397,0.2868628776083355,0.28218786762749043,0.28662901659413004,1
2019,Lampung,0.19876648472083566,0.2670419341216589,0.2671434306046881,0.2670481505528174,2
2019,Maluku,0.1868624905333539,0.27283954402985405,0.2677179184369463,0.2725800469998457,1
2019,Maluku Utara,0.2073542866185285,0.2645084351278892,0.26367007862957764,0.2644671996240046,1
2019,Nusa Tenggara Barat,0.18939671238609235,0.2700296902562939,0.2705180929724998,0.27005550438511383,2
2019,Nusa Tenggara Timur,0.6702346224178198,0.11092767203717034,0.10805825244536381,0.11077945309964594,0
2019,Papua,0.29858313669220915,0.23426363720003426,0.23295587781660462,0.23419734829115194,0
2019,Papua Barat,0.27092442080691825,0.24327582115598,0.24256013287411765,0.24323962516298417,0
2019,Riau,0.27833140349916236,0.24119952790450008,0.23936227829240486,0.2411067903039327,0
2019,Sulawesi Barat,0.16247544284870247,0.278378708030959,0.2806519116970226,0.27849393742331596,2
2019,Sulawesi Selatan,0.06363906017780874,0.3109144304685352,0.31434805931348025,0.31109845004017583,2
2019,Sulawesi Tengah,0.3497524390176368,0.2178388571571401,0.21472849347034012,0.2176802103548829,0
2019,Sulawesi Tenggara,0.1809862466915802,0.2733185419233733,0.27242034271459253,0.273274868670454,1
2019,Sulawesi Utara,0.1527242517819819,0.2820604679467324,0.2831001930837332,0.28211508718755246,2
2019,Sumatera Barat,0.08374579925388849,0.30292648618088025,0.3100439642323095,0.30328375033292165,2
2019,Sumatera Selatan,0.16764525005501202,0.2768871718468559,0.27849801435172444,0.2769695637464077,2
2019,Sumatera Utara,0.21104109102445556,0.26384819148291744,0.26138601318025007,0.2637247043123769,1
2020,Aceh,0.3716889658752778,0.21001497923997123,0.20836524515987018,0.20993080972488085,0
2020,Bali,0.2747501761440066,0.24215668733785695,0.24099518944803633,0.24209794707010018,0
2020,Banten,0.2261113594031595,0.257936077143472,0.25801212000071033,0.2579404434526582,2
2020,Bengkulu,0.09132512751241788,0.3006416400142166,0.30706872458035617,0.3009645078930093,2
2020,DKI Jakarta,0.22480455800775045,0.25830603727049223,0.25856966131189607,0.25831974340986125,2
2020,Daerah Istimewa Yogyakarta,0.13358309241990704,0.28731515810863706,0.291572656104948,0.28752909336650795,2
2020,Gorontalo,0.0901990863721373,0.3006637104048848,0.3081023582777946,0.3010348449451833,2
2020,Jambi,0.4204298114709264,0.1943410614936394,0.19105614178966873,0.19417298524576543,0
2020,Jawa Barat,0.1293642067465478,0.2893015147058745,0.2918993133841261,0.28943496516345146,2
2020,Jawa Tengah,0.07948049511802427,0.3051804961301251,0.30991421880979936,0.30542478994205124,2
2020,Jawa Timur,0.09927248633675076,0.2976859805696756,0.3049916141592407,0.29804991893433297,2
2020,Kalimantan Barat,0.09017939088350346,0.30112981312172626,0.30725232657857576,0.30143846941619457,2
2020,Kalimantan Selatan,0.10084583398194608,0.29725837584265197,0.30428708962822637,0.29760870054717564,2
2020,Kalimantan Tengah,0.0745291302854505,0.30664064148189357,0.3119191348816824,0.3069110933509736,2
2020,Kalimantan Timur,0.09236199126217146,0.29983239871126854,0.30758684035173994,0.30021876967482014,2
2020,Kalimantan Utara,0.14147765570407353,0.2852760813668079,0.2878395979127174,0.2854066650164012,2
2020,Kepulauan Bangka Belitung,0.17930041143392858,0.2740339024666865,0.2726973033169595,0.27396838278242536,1
2020,Kepulauan Riau,0.15241410780466566,0.28272311786182275,0.2821646867880732,0.2826980875454384,1
2020,Lampung,0.19433321241741067,0.27021911253856984,0.265469048531555,0.26997862651246446,1
2020,Maluku,0.44902207748921974,0.184439759057483,0.1822122830184689,0.18432588043482842,0
2020,Maluku Utara,0.15080778068678413,0.28272108619773484,0.2836986194785275,0.28277251363695366,2
2020,Nusa Tenggara Barat,0.34144138657313683,0.22024184385212267,0.21817975923803754,0.22013701033670297,0
2020,Nusa Tenggara Timur,0.4654276485027532,0.18016459197199142,0.17453439080668173,0.1798733687185736,0
2020,Papua,0.43015728823949423,0.1908054426611083,0.18835697142011487,0.1906802976792827,0
2020,Papua Barat,0.26989626763786145,0.2436552756439618,0.24283463157337432,0.24361382514480243,0
2020,Riau,0.35889083110477077,0.21426858096189347,0.2126542529278805,0.21418633500545525,0
2020,Sulawesi Barat,0.24038185115652344,0.25347960946028475,0.252697855269469,0.2534406841137228,1
2020,Sulawesi Selatan,0.06985139659961055,0.309397101520945,0.31125006741998884,0.3095014344594556,2
2020,Sulawesi Tengah,0.13949458423591135,0.2858529983657375,0.2886568819520673,0.2859955354462838,2
2020,Sulawesi Tenggara,0.084459315684013,0.3034253861354721,0.30843444814080434,0.3036808500397105,2
2020,Sulawesi Utara,0.23046414062948437,0.2564456056813568,0.25663481705989116,0.2564554366292677,2
2020,Sumatera Barat,0.07300564064485365,0.30598515141914795,0.31459385504429926,0.30641535289169913,2
2020,Sumatera Selatan,0.08883833347384912,0.30125904804418885,0.30829088525911064,0.30161173322285134,2
2020,Sumatera Utara,0.09738816707705061,0.2994403237551365,0.303522689702473,0.29964881946533994,2
2021,Aceh,0.5320052142766537,0.15685238852721622,0.15441499202863213,0.15672740516749797,0
2021,Bali,0.2648967027410336,0.24550910226596195,0.24415350182403991,0.2454406931689645,0
2021,Banten,0.20520235493570152,0.2648540619993973,0.26507721219042324,0.2648663708744779,2
2021,Bengkulu,0.19180808250240716,0.2692927354183284,0.2695904577578224,0.2693087243214421,2
2021,DKI Jakarta,0.21152611171484964,0.26261859040954416,0.2632064856345142,0.26264881224109204,2
2021,Daerah Istimewa Yogyakarta,0.18055185412933927,0.2726451422977109,0.2740844978992952,0.2727185056736546,2
2021,Gorontalo,0.29825264374823995,0.2342185899026356,0.23335412388170595,0.2341746424674185,0
2021,Jambi,0.20222118152889684,0.26591657978093314,0.2659432026701137,0.26591903602005634,2
2021,Jawa Barat,0.14612347618441984,0.2839906469833829,0.2858014873119526,0.2840843895202446,2
2021,Jawa Tengah,0.08903223032099523,0.3026951530189272,0.3054322833993922,0.3028403332606853,2
2021,Jawa Timur,0.09148720605378707,0.30032425194583007,0.30750497439530267,0.30068356760508025,2
2021,Kalimantan Barat,0.11146055861167985,0.2944919019800609,0.29931257425359153,0.29473496515466774,2
2021,Kalimantan Selatan,0.0911864464392194,0.30011129322625263,0.3081892129398894,0.3005130473946386,2
2021,Kalimantan Tengah,0.22198385315260974,0.2607283639887956,0.25676028068151785,0.2605275021770769,1
2021,Kalimantan Timur,0.07026431439399024,0.3061991723904706,0.31681159237128936,0.30672492084424974,2
2021,Kalimantan Utara,0.16672073451176916,0.277028265447749,0.2791169500677059,0.27713404997277585,2
2021,Kepulauan Bangka Belitung,0.27708832798982413,0.2417748744398454,0.239478199690548,0.2416585978797825,0
2021,Kepulauan Riau,0.28917551610439485,0.237534066297049,0.23584190867560845,0.23744850892294778,0
2021,Lampung,0.16684252493322793,0.2797853091949607,0.27388523838642403,0.27948692748538734,1
2021,Maluku,0.5003476348668779,0.16736559390240954,0.16504032984391034,0.1672464413868021,0
2021,Maluku Utara,0.24623161654876677,0.25170824634288347,0.2504168339492667,0.251643303159083,1
2021,Nusa Tenggara Barat,0.280953640390657,0.24051206542646095,0.23814200050234355,0.24039229368053852,0
2021,Nusa Tenggara Timur,0.30040240671109586,0.23441235459306584,0.2309488592020207,0.23423637949381768,0
2021,Papua,0.3110606874198121,0.23169372166471616,0.22585189948609294,0.23139369142937888,0
2021,Papua Barat,0.34530671066467866,0.21874106727861875,0.2172852897773223,0.21866693227938022,0
2021,Riau,0.11799285630104527,0.292426869753107,0.29692667071019674,0.2926536032356509,2
2021,Sulawesi Barat,0.16881125077017026,0.27686007421431935,0.27743744624164,0.2768912287738703,2
2021,Sulawesi Selatan,0.08624584410978457,0.3042971001978002,0.3051104347776488,0.30434662091476644,2
2021,Sulawesi Tengah,0.34221470700389417,0.2199944867991328,0.21790269432935527,0.21988811186761775,0
2021,Sulawesi Tenggara,0.11502690532504202,0.2937834656127118,0.29723036769569167,0.2939592613665546,2
2021,Sulawesi Utara,0.12311980802081911,0.2927436567576469,0.29145257414096154,0.2926839610805724,1
2021,Sumatera Barat,0.08914420737588183,0.30117260667023177,0.3081607531781077,0.3015224327757787,2
2021,Sumatera Selatan,0.06739433758772642,0.30731315851222046,0.3174735852228844,0.30781891867716876,2
2021,Sumatera Utara,0.4557157292834022,0.18244389283763013,0.17954484368545512,0.1822955341935125,0
2022,Aceh,0.5693245366174577,0.14484897002939734,0.1411675078964889,0.14465898545665598,0
2022,Bali,0.2429816355653214,0.25265666830150507,0.25175049101220276,0.2526112051209708,1
2022,Banten,0.20010642771391127,0.2665744292116407,0.2667353193947064,0.26658382367974165,2
2022,Bengkulu,0.15313914019395006,0.28137975113240365,0.28397017955686704,0.2815109291167793,2
2022,DKI Jakarta,0.21479069890139155,0.2620945502735676,0.26107100471609046,0.2620437461089504,1
2022,Daerah Istimewa Yogyakarta,0.1330379350495639,0.2877874558371005,0.291213745095476,0.2879608640178596,2
2022,Gorontalo,0.3001832455499201,0.2342542569764185,0.2314507307990697,0.2341117666745917,0
2022,Jambi,0.22650182024494972,0.2587186334207831,0.2561883543813265,0.2585911919529406,1
2022,Jawa Barat,0.16657648564179964,0.27757038296210845,0.2782463088315614,0.2776068225645305,2
2022,Jawa Tengah,0.08977095280706594,0.30263658069891497,0.30483686541320565,0.30275560108081345,2
2022,Jawa Timur,0.08146093568845049,0.30340614316507825,0.3113299854036862,0.303802935742785,2
2022,Kalimantan Barat,0.14175849748345026,0.2858958752241785,0.2864201861004381,0.28592544119193314,2
2022,Kalimantan Selatan,0.08436279593968757,0.30237439803056915,0.31048390674230564,0.3027788992874376,2
2022,Kalimantan Tengah,0.21240594077495115,0.2638231217798878,0.2601341571869261,0.26363678025823495,1
2022,Kalimantan Timur,0.08765249059043533,0.3011678608709658,0.309592928392696,0.3015867201459029,2
2022,Kalimantan Utara,0.16670509428859967,0.277033278641213,0.2791225349301925,0.27713909213999477,2
2022,Kepulauan Bangka Belitung,0.1618425561617445,0.2797646336342229,0.27868049784089916,0.2797123123631335,1
2022,Kepulauan Riau,0.22626210002781902,0.25809676447621654,0.2575703036085182,0.25807083188744623,1
2022,Lampung,0.09355029021498149,0.29974213032032243,0.3066212323001533,0.30008634716454274,2
2022,Maluku,0.12569108884355104,0.29059883887163424,0.2929886754415022,0.29072139684331244,2
2022,Maluku Utara,0.32637185133383706,0.22501074728959405,0.22367459063973544,0.2249428107368334,0
2022,Nusa Tenggara Barat,0.309465968951142,0.23123372109163381,0.22821954972984915,0.23108076022737511,0
2022,Nusa Tenggara Timur,0.4223940122998511,0.19379558449757012,0.1901991368266405,0.1936112663759384,0
2022,Papua,0.3388427583663256,0.2208607099374448,0.21950487537123664,0.22079165632499298,0
2022,Papua Barat,0.3409615076326345,0.2201524055219214,0.2188024612794832,0.2200836255659609,0
2022,Papua Barat Daya,0.5132875821630599,0.16308578427661607,0.16066490576123105,0.16296172779909288,0
2022,Papua Pegunungan,0.327201356832835,0.2246676375674116,0.22352175031447244,0.22460925528528095,0
2022,Papua Selatan,0.2550514385827299,0.24913766213782312,0.24679184373505628,0.24901905554439077,0
2022,Papua Tengah,0.26876180754900225,0.24406460931660728,0.24315497418774454,0.24401860894664595,0
2022,Riau,0.22700585797655196,0.2588246811739802,0.25551196966897444,0.25865749118049336,1
2022,Sulawesi Barat,0.16881125077017026,0.27686007421431935,0.27743744624164,0.2768912287738703,2
2022,Sulawesi Selatan,0.07250835436283663,0.30724871102857404,0.3127140587397695,0.30752887586881983,2
2022,Sulawesi Tengah,0.43240766203427894,0.19028545793071194,0.1871803074135789,0.19012657262143018,0
2022,Sulawesi Tenggara,0.09582994235007858,0.2998152740149379,0.30431057856067867,0.30004420507430485,2
2022,Sulawesi Utara,0.1276246184328264,0.29130776888459514,0.2898298085452824,0.29123780413729605,1
2022,Sumatera Barat,0.07400742385329932,0.30542459453831566,0.3146826309846311,0.30588535062375394,2
2022,Sumatera Selatan,0.07672122250243088,0.30443804032621896,0.313931143289293,0.30490959388205724,2
2022,Sumatera Utara,0.16714987330599948,0.27893484485385434,0.2751687559597166,0.2787465258804296,1
2023,Aceh,0.6328711412994773,0.12344026999673459,0.12040495413148651,0.12328363457230163,0
2023,Bali,0.22874432229605413,0.2573372822131135,0.25661699741512756,0.25730139807570473,1
2023,Banten,0.19479830418176708,0.2681088248120906,0.26894111617203426,0.2681517548341081,2
2023,Bengkulu,0.11773355753495195,0.2922394558253786,0.29752264463798184,0.2925043420016877,2
2023,DKI Jakarta,0.21151785291024425,0.26262128766071885,0.2632093418065463,0.2626515176224906,2
2023,Daerah Istimewa Yogyakarta,0.16190970908214797,0.2786758394383947,0.28063851999220724,0.27877593148725005,2
2023,Gorontalo,0.29960949157190153,0.23415594500181533,0.23217887367062887,0.23405568975565424,0
2023,Jambi,0.15093714954736362,0.2825238867145182,0.2839414397231284,0.2825975240149897,2
2023,Jawa Barat,0.1732254199564125,0.2753445658216729,0.27604796995590797,0.27538204426600665,2
2023,Jawa Tengah,0.08653592276492265,0.30390912868084374,0.30555360873997295,0.3040013398142607,2
2023,Jawa Timur,0.08035848878058113,0.30350031956016604,0.3122067942648656,0.3039343973943872,2
2023,Kalimantan Barat,0.14332431353611513,0.28504270854898317,0.2865138758689829,0.2851191020459187,2
2023,Kalimantan Selatan,0.09509736668175091,0.29896659449635005,0.30658980101394023,0.2993462378079589,2
2023,Kalimantan Tengah,0.110786212232715,0.29875921937813477,0.29203319864518296,0.29842136974396727,1
2023,Kalimantan Timur,0.0935340441741515,0.29943265997529256,0.3072132570711979,0.29982003877935803,2
2023,Kalimantan Utara,0.16665999520531896,0.27713095601146925,0.27898383363756607,0.2772252151456457,2
2023,Kepulauan Bangka Belitung,0.11888020973354997,0.29610035024072473,0.2892628106490779,0.2957566293766475,1
2023,Kepulauan Riau,0.10032345890148281,0.29947925006604204,0.30065213695170684,0.29954515408076826,2
2023,Lampung,0.06997189001266362,0.3074608999952472,0.31473844641194626,0.3078287635801429,2
2023,Maluku,0.270496193781994,0.243880823889602,0.2418450354523636,0.2437779468760404,0
2023,Maluku Utara,0.15069799342457055,0.283169372998751,0.2829705304810738,0.2831621030956047,1
2023,Nusa Tenggara Barat,0.22091360737779933,0.2600553465818662,0.25902639135799865,0.26000465468233586,1
2023,Nusa Tenggara Timur,0.7590941216938866,0.08100124388763523,0.07900639832653521,0.08089823609194294,0
2023,Papua,0.4388916755673014,0.1877979771402371,0.185623526741161,0.18768682055130043,0
2023,Papua Barat,0.39668593867320145,0.20173004953718507,0.19994507847800067,0.20163893331161292,0
2023,Papua Barat Daya,0.425248525458976,0.19230584013567376,0.19024511945919517,0.19220051494615506,0
2023,Papua Pegunungan,0.327201356832835,0.2246676375674116,0.22352175031447244,0.22460925528528095,0
2023,Papua Selatan,0.36614577809209986,0.21188531099005672,0.21017101993902412,0.21179789097881932,0
2023,Papua Tengah,0.26876180754900225,0.24406460931660728,0.24315497418774454,0.24401860894664595,0
2023,Riau,0.36203946045646246,0.21386502664032167,0.21040720710155436,0.2136883058016615,0
2023,Sulawesi Barat,0.16881125077017017,0.27686007421431935,0.2774374462416401,0.27689122877387035,2
2023,Sulawesi Selatan,0.0553739717725412,0.3138084203414902,0.31684205219909695,0.31397555568687163,2
2023,Sulawesi Tengah,0.3232823885566699,0.22631134156336793,0.22420201210866628,0.2262042577712958,0
2023,Sulawesi Tenggara,0.08743182108397732,0.30283168877324806,0.30670533317069965,0.30303115697207506,2
2023,Sulawesi Utara,0.17412972623030237,0.2761126833867501,0.27376155018216025,0.2759960402007872,1
2023,Sumatera Barat,0.06907652008411609,0.30681687596922164,0.3167935716608872,0.30731303228577506,2
2023,Sumatera Selatan,0.10192221667351838,0.29741432256802897,0.3029695509183792,0.29769390984007355,2
2023,Sumatera Utara,0.39362452377011264,0.2032873137125716,0.19997047852012415,0.20311768399719157,0
2024,Aceh,0.6006056948787315,0.13415876130828505,0.1312276981824178,0.1340078456305657,0
2024,Bali,0.2299752006383539,0.256962529426611,0.2561407042622973,0.2569215656727378,1
2024,Banten,0.18716362883238308,0.2705775685062295,0.2716272800770477,0.2706315225843397,2
2024,Bengkulu,0.12653218870269176,0.28945508663752323,0.2943142172498603,0.28969850740992464,2
2024,DKI Jakarta,0.21185178248500924,0.26251222476742286,0.2630938661029147,0.2625421266446532,2
2024,Daerah Istimewa Yogyakarta,0.15977616180191692,0.27942118147937944,0.28128598865535553,0.2795166680633481,2
2024,Gorontalo,0.35261692107881704,0.21651391717621357,0.21445989919960837,0.21640926254536103,0
2024,Jambi,0.08300731601017108,0.3038569759190872,0.3090150382058674,0.3041206698648743,2
2024,Jawa Barat,0.1360852582513831,0.2873925921826563,0.2890430477520569,0.2874791018139038,2
2024,Jawa Tengah,0.08965778426147587,0.30253640052384007,0.3051313231878594,0.3026744920268247,2
2024,Jawa Timur,0.06283743862662192,0.30878525746916535,0.319078554756449,0.30929874914776373,2
2024,Kalimantan Barat,0.1506392227360127,0.2825283670490124,0.2842172438706283,0.2826151663443466,2
2024,Kalimantan Selatan,0.10199217598453111,0.29727293220413964,0.3031661123409381,0.2975687794703912,2
2024,Kalimantan Tengah,0.2164089766729769,0.26270744197243656,0.2583943920193822,0.2624891893352043,1
2024,Kalimantan Timur,0.07236778758553415,0.3057505227687211,0.3156398317649748,0.30624185788076996,2
2024,Kalimantan Utara,0.16539189987006342,0.27754134316154233,0.27942935487235626,0.27763740209603804,2
2024,Kepulauan Bangka Belitung,0.2441465413317053,0.2524121589190081,0.2510953675971211,0.25234593215216555,1
2024,Kepulauan Riau,0.09942454362544752,0.2985866986090691,0.303168938232045,0.2988198195334384,2
2024,Lampung,0.1349221633856327,0.288258660384333,0.2885427201582441,0.2882764560717901,2
2024,Maluku,0.3811042511877897,0.20690388068263932,0.20517618339808288,0.20681568473148818,0
2024,Maluku Utara,0.15069799342457055,0.28316937299875106,0.28297053048107373,0.28316210309560474,1
2024,Nusa Tenggara Barat,0.4042723585272024,0.19998900406811573,0.19595624549189525,0.19978239191278668,0
2024,Nusa Tenggara Timur,0.6289393862364592,0.12453479592389798,0.12211547197351823,0.12441034586612476,0
2024,Papua,0.3641806387565696,0.21286292228059497,0.2102278214166684,0.21272861754616698,0
2024,Papua Barat,0.32251929707247706,0.22628569927140404,0.2249758892942396,0.2262191143618793,0
2024,Papua Barat Daya,0.5132875821630599,0.16308578427661607,0.16066490576123105,0.16296172779909288,0
2024,Papua Pegunungan,0.327201356832835,0.2246676375674116,0.22352175031447244,0.22460925528528095,0
2024,Papua Selatan,0.32380865627201094,0.22595885932466092,0.2243551932302995,0.22587729117302857,0
2024,Papua Tengah,0.26876180754900225,0.24406460931660728,0.24315497418774454,0.24401860894664595,0
2024,Riau,0.18958726748211116,0.2701771499460632,0.2700628936657039,0.2701726889061218,1
2024,Sulawesi Barat,0.10993373350798939,0.29720313752917854,0.29572752499673893,0.2971356039660932,1
2024,Sulawesi Selatan,0.051444552028476316,0.31502014412167156,0.31833262783753113,0.315202676012321,2
2024,Sulawesi Tengah,0.43064703999019327,0.19065762614607526,0.1881651056849572,0.19053022817877424,0
2024,Sulawesi Tenggara,0.13206064522016014,0.2885276852833388,0.2907687425726075,0.28864292692389365,2
2024,Sulawesi Utara,0.24665991786745992,0.25221268452090473,0.24907356216923374,0.25205383544240156,1
2024,Sumatera Barat,0.08868047248956423,0.30229675108555387,0.3065099636940873,0.3025128127307945,2
2024,Sumatera Selatan,0.16777093354188963,0.279252066332041,0.2739907894338758,0.27898621069219365,1
2024,Sumatera Utara,0.14423391996097654,0.28530669790649676,0.2851572013628948,0.2853021807696319,1
2025,Aceh,0.4126013390014308,0.19731174213870972,0.19299688256690908,0.19709003629295047,0
2025,Bali,0.24122421025781735,0.2532664792890676,0.2522917091507283,0.2532176013023868,1
2025,Banten,0.2787273835000294,0.24070547394876488,0.23990224208367952,0.2406649004675262,0
2025,Bengkulu,0.2462167430176509,0.2515284863812783,0.25076449522416006,0.25149027537691077,1
2025,DKI Jakarta,0.21413605508681108,0.26176592665469234,0.262304398929545,0.26179361932895157,2
2025,Daerah Istimewa Yogyakarta,0.1533596630790055,0.28151361661917224,0.28351092361646385,0.2816157966853583,2
2025,Gorontalo,0.243432416199329,0.25297010863837566,0.25073994818390016,0.2528575269783952,1
2025,Jambi,0.1512883147858689,0.2841962566656637,0.2805030895976875,0.28401233895078,1
2025,Jawa Barat,0.1358677064019232,0.2875371921912214,0.2889816707987773,0.28761343060807815,2
2025,Jawa Tengah,0.13936781493585904,0.2856658904474461,0.2891255956843642,0.2858406989323307,2
2025,Jawa Timur,0.07249460041860356,0.3055261612134688,0.3159373146493911,0.3060419237185365,2
2025,Kalimantan Barat,0.16004214898527352,0.2799167547786191,0.2801120354660527,0.27992906077005475,2
2025,Kalimantan Selatan,0.06986268664051433,0.3066627951818473,0.3163302737258273,0.30714424445181104,2
2025,Kalimantan Tengah,0.07465679594561041,0.3085901102588586,0.30817154249780887,0.30858155129772213,1
2025,Kalimantan Timur,0.0672064299116192,0.3071026208378233,0.318046392693344,0.30764455655721357,2
2025,Kalimantan Utara,0.14319582097365488,0.28450750233352745,0.2876313877338364,0.2846652889589813,2
2025,Kepulauan Bangka Belitung,0.1302623032688935,0.2886678400261197,0.2922223980472152,0.2888474586577715,2
2025,Kepulauan Riau,0.1373121584664194,0.28729108064531794,0.2880638395114717,0.2873329213767909,2
2025,Lampung,0.21844853233992237,0.26042124143735645,0.26069464965999417,0.26043557656272703,2
2025,Maluku,0.5840569699464868,0.13950025968468385,0.13706736766969357,0.13937540269913565,0
2025,Maluku Utara,0.15069799342457055,0.28316937299875106,0.28297053048107373,0.28316210309560474,1
2025,Nusa Tenggara Barat,0.280250797093711,0.240827370301473,0.2382260008589038,0.24069583174591225,0
2025,Nusa Tenggara Timur,0.6531971206807267,0.1167458257642232,0.11348013251688142,0.11657692103816873,0
2025,Papua,0.4905517556939585,0.1708000191017893,0.16799211072432146,0.17065611447993076,0
2025,Papua Barat,0.32089464514730714,0.2268189623546879,0.22553281541066597,0.226753577087339,0
2025,Papua Barat Daya,0.17257340637526727,0.27536790438296477,0.2766260132590843,0.27543267598268356,2
2025,Papua Pegunungan,0.327201356832835,0.2246676375674116,0.22352175031447244,0.22460925528528095,0
2025,Papua Selatan,0.345689004919374,0.21890658870135454,0.21661456966130468,0.2187898367179667,0
2025,Papua Tengah,0.26876180754900225,0.24406460931660728,0.24315497418774454,0.24401860894664595,0
2025,Riau,0.14492233013355144,0.28447917781545,0.2860384089638423,0.28456008308715625,2
2025,Sulawesi Barat,0.16881125077017017,0.27686007421431935,0.2774374462416401,0.27689122877387035,2
2025,Sulawesi Selatan,0.053476791410273464,0.31755739061487104,0.3116884176809706,0.31727740029388485,1
2025,Sulawesi Tengah,0.31721711728356067,0.2281291125383428,0.22660228953920794,0.2280514806388885,0
2025,Sulawesi Tenggara,0.1418047397830822,0.2854561722730159,0.2871931500874329,0.285545937856469,2
2025,Sulawesi Utara,0.14251420357540592,0.2858989207414191,0.28569495282271623,0.2858919228604588,1
2025,Sumatera Barat,0.09866539484362133,0.2986457776583487,0.3037834855584768,0.29890534193955315,2
2025,Sumatera Selatan,0.16654081898546735,0.2772304852771019,0.2789126109878093,0.2773160847496215,2
2025,Sumatera Utara,0.11310725593050934,0.29511750813286936,0.29657964739835363,0.2951955885382676,2
