Tahun,Provinsi,u_cluster_0,u_cluster_1,u_cluster_2,u_cluster_3,label
2019,Aceh,0.18650056771405502,0.4327957863441319,0.19035667458684974,0.1903469713549634,1
2019,Bali,0.24876237604840984,0.2487054331949648,0.2512691559275612,0.2512630348290642,2
2019,Banten,0.25401270727994585,0.23732778749016703,0.2543301062142617,0.2543293990156254,2
2019,Bengkulu,0.25923503838604667,0.21917701503009535,0.2607958329104324,0.26079211367342564,2
2019,DKI Jakarta,0.2569119987253029,0.2296530315686026,0.256717219900875,0.25671774980521955,0
2019,Daerah Istimewa Yogyakarta,0.28782918874260843,0.14757194581268337,0.2822926093336519,0.28230625611105625,0
2019,Gorontalo,0.28688670623552426,0.13779816812549892,0.28765824326196576,0.28765688237701104,2
2019,Jambi,0.22375917327104664,0.318563067122695,0.228845209391776,0.22883255021448234,1
2019,Jawa Barat,0.26946320041339117,0.19360386989639872,0.26846514296500007,0.26846778672521004,0
2019,Jawa Tengah,0.31072517097726954,0.09460207659961571,0.29732025012276364,0.2973525023003511,0
2019,Jawa Timur,0.3118966356134315,0.09304148829018453,0.2975137372354,0.297548138860984,0
2019,Kalimantan Barat,0.2880733635172359,0.13294940994957474,0.28948998708942597,0.28948723944376326,2
2019,Kalimantan Selatan,0.3091498276075788,0.09862193386824494,0.2960984682794594,0.2961297702447169,0
2019,Kalimantan Tengah,0.3167280653836336,0.07645737110772474,0.3033909889332277,0.30342357457541397,0
2019,Kalimantan Timur,0.31152732064507443,0.08994891346077878,0.2992469458245778,0.2992768200695689,0
2019,Kalimantan Utara,0.2893207936164134,0.14241868082506204,0.2841238350953386,0.28413669046318596,0
2019,Kepulauan Bangka Belitung,0.209333836051247,0.36503395006560024,0.2128204697771661,0.2128117441059868,1
2019,Kepulauan Riau,0.2796375680097935,0.1443432246754578,0.28801973363041805,0.28799947368433065,2
2019,Lampung,0.2671866492437028,0.19877955981918796,0.26701659689844964,0.26701719403865964,0
2019,Maluku,0.26494920683083845,0.1868766352472689,0.2740984050548015,0.2740757528670911,2
2019,Maluku Utara,0.26320300639200267,0.2073721242930105,0.26471420366474085,0.264710665650246,2
2019,Nusa Tenggara Barat,0.27076983773256025,0.18941102569472937,0.26990841429027185,0.26991072228243856,0
2019,Nusa Tenggara Timur,0.10655103721510618,0.670163396362219,0.11164932713569434,0.11163623928698047,1
2019,Papua,0.23225196713262994,0.2985765305712368,0.23458864622409953,0.23458285607203375,1
2019,Papua Barat,0.242173926759647,0.27092214840111095,0.24345354113309114,0.24345038370615085,1
2019,Riau,0.23836738908950392,0.27833263055152174,0.2416540301948402,0.24164595016413418,1
2019,Sulawesi Barat,0.28187568192793233,0.16248620366794922,0.2778140246678142,0.27782408973630424,0
2019,Sulawesi Selatan,0.31612091189467006,0.06367063751064826,0.31009594290888826,0.3101125076857934,0
2019,Sulawesi Tengah,0.21306121312733928,0.349736858568386,0.21860791717342476,0.21859401113084992,1
2019,Sulawesi Tenggara,0.27191593175793766,0.18100760089756238,0.27354009377764693,0.273536373566853,2
2019,Sulawesi Utara,0.28364014343296673,0.15274845722370972,0.28180326666281136,0.2818081326805123,0
2019,Sumatera Barat,0.3139085639217353,0.08375100222483736,0.3011547032392476,0.30118573061417975,0
2019,Sumatera Selatan,0.2793582960177891,0.16765845011411806,0.2764880100607871,0.27649524380730567,0
2019,Sumatera Utara,0.2600428948546739,0.21105709769306827,0.2644553625102138,0.264444644942044,2
2020,Aceh,0.20748689367728493,0.3716625892948041,0.21042894843268153,0.21042156859522945,1
2020,Bali,0.24036742268589836,0.2747494884630288,0.24244410631553742,0.2424389825355353,1
2020,Banten,0.2580475314920706,0.2261178823279732,0.25791708951397807,0.2579174966659781,0
2020,Bengkulu,0.3105565111768169,0.09133117233288739,0.2990421311321575,0.2990701853581382,0
2020,DKI Jakarta,0.2587076547902181,0.22481057832170437,0.2582402762257964,0.25824149066228114,0
2020,Daerah Istimewa Yogyakarta,0.2938826732076318,0.1335882199294402,0.28625525684262454,0.2862738500203034,0
2020,Gorontalo,0.31215997871796064,0.0901979335785535,0.2988049829453149,0.29883710475817093,0
2020,Jambi,0.1893048715827114,0.4203948654348576,0.1951575112427272,0.1951427517397037,1
2020,Jawa Barat,0.2932834974673765,0.12938232289073914,0.28866121777491777,0.2886729618669666,0
2020,Jawa Tengah,0.31243063409517713,0.07950308409171296,0.3040223669524738,0.30404391486063614,0
2020,Jawa Timur,0.30898214061365914,0.09926759195613138,0.2958593978134092,0.2958908696168003,0
2020,Kalimantan Barat,0.31056487324243426,0.09019032040329686,0.29960896740725484,0.2996358389470141,0
2020,Kalimantan Selatan,0.3081243110045598,0.10084305768607511,0.29550116403451315,0.29553146727485197,0
2020,Kalimantan Tengah,0.314740156505563,0.0745502546180803,0.3053429144170055,0.30536667445935123,0
2020,Kalimantan Timur,0.31182150070312015,0.09235749869266166,0.29789379303908886,0.29792720756512936,0
2020,Kalimantan Utara,0.2892145730645191,0.14149168512613064,0.2846411519528884,0.28465258985646186,0
2020,Kepulauan Bangka Belitung,0.2719535900988491,0.17932224484726414,0.27436488704695633,0.27435927800693044,2
2020,Kepulauan Riau,0.2818323499989542,0.15244030380654214,0.2828646834993334,0.28286266269517024,2
2020,Lampung,0.262899855329897,0.19434622040062588,0.27138745409173914,0.2713664701777381,2
2020,Maluku,0.18103094378686452,0.44897719033414885,0.1850009312171942,0.1849909346617924,1
2020,Maluku Utara,0.28420642388101475,0.15082914089742133,0.2824799245884779,0.282484510633086,0
2020,Nusa Tenggara Barat,0.2170728499023606,0.34142834761343965,0.22075398737406884,0.22074481511013097,1
2020,Nusa Tenggara Timur,0.17155266907937164,0.4653731423883136,0.18154995902740526,0.1815242295049095,1
2020,Papua,0.18705517900318663,0.43011735300152454,0.19141922577012527,0.1914082422251635,1
2020,Papua Barat,0.2423908932745819,0.26989524704216195,0.243858736386255,0.24385512329700115,1
2020,Riau,0.21179274349712537,0.3588686998279251,0.21467288098135837,0.21466567569359113,1
2020,Sulawesi Barat,0.25226836996068663,0.2403898310707139,0.2536725817882733,0.25366921718032626,2
2020,Sulawesi Selatan,0.31216681803462376,0.06988600721301047,0.3089687717540864,0.3089784029982794,0
2020,Sulawesi Tengah,0.2901626387597473,0.13950981149228056,0.28515753996705406,0.28517000978091805,0
2020,Sulawesi Tenggara,0.31112081012689585,0.08447785994294425,0.302189471305471,0.30221185862468886,0
2020,Sulawesi Utara,0.25673365674676873,0.2304691813797247,0.25639814556719115,0.2563990163063154,0
2020,Sumatera Barat,0.3192830714764898,0.07300654258897757,0.30383656047101076,0.3038738254635218,0
2020,Sumatera Selatan,0.3121118433625078,0.08884149196705157,0.2995080240780083,0.29953864059243235,0
2020,Sumatera Utara,0.30570938650897034,0.09740633186026862,0.29843299723217376,0.29845128439858726,0
2021,Aceh,0.15313130420958668,0.5319363229236684,0.15747168167377995,0.15746069119296488,1
2021,Bali,0.2434187427731844,0.2648992774437805,0.24584396967079616,0.24583801011223894,1
2021,Banten,0.2651870422246911,0.20521395755979413,0.26479893746139027,0.26480006275412443,0
2021,Bengkulu,0.2697404487007248,0.19182224751626478,0.26921793088333557,0.26921937289967485,0
2021,DKI Jakarta,0.26351824419666164,0.21153435854839506,0.2624723682209358,0.26247502903400743,0
2021,Daerah Istimewa Yogyakarta,0.2748548397949152,0.18056381278616454,0.2722874596832169,0.27229388773570334,0
2021,Gorontalo,0.23289093430119423,0.2982444299580612,0.2344342405291027,0.2344303952116418,1
2021,Jambi,0.2659458874938139,0.20223385101661875,0.26590999551158806,0.26591026597797923,0
2021,Jawa Barat,0.28675940526161126,0.14614214110520227,0.28354508425986447,0.283553369373322,0
2021,Jawa Tengah,0.306855597315852,0.08906023521769252,0.30203558408023423,0.30204858338622126,0
2021,Jawa Timur,0.3114137980820596,0.09148775895352433,0.29853364598986115,0.29856479697455496,0
2021,Kalimantan Barat,0.30192085514055605,0.11146999064133688,0.29329399456657085,0.29331515965153626,0
2021,Kalimantan Selatan,0.3126066097240451,0.0911796092667141,0.2980895361378228,0.29812424487141803,0
2021,Kalimantan Tengah,0.2546131941307543,0.2219954712912911,0.2617044303822555,0.26168690419569907,2
2021,Kalimantan Timur,0.32262954338031696,0.07025240290513414,0.3035363697751274,0.30358168393942153,0
2021,Kalimantan Utara,0.28024201823625877,0.16673066003659098,0.27650904308515634,0.2765182786419939,0
2021,Kepulauan Bangka Belitung,0.23823565036070263,0.27709374425775474,0.24234037686676566,0.24233022851477692,1
2021,Kepulauan Riau,0.23492745316638358,0.28917368155694484,0.2379531636687299,0.2379457016079416,1
2021,Lampung,0.27069260223706065,0.16685881900625163,0.2812372973417405,0.28121128141494717,2
2021,Maluku,0.16381414878922476,0.5002850158673189,0.16795565446071226,0.16794518088274407,1
2021,Maluku Utara,0.2497134236877847,0.24623984070104374,0.2520261908377006,0.25202054477347097,2
2021,Nusa Tenggara Barat,0.23685814292882718,0.28095956010875317,0.24109636963707543,0.2410859273253443,1
2021,Nusa Tenggara Timur,0.22908323300860223,0.3003991502489832,0.23526650319394787,0.23525111354846676,1
2021,Papua,0.22273193132929264,0.31104155411076845,0.23312645664530263,0.2331000579146363,1
2021,Papua Barat,0.2165074297718707,0.34528895902543677,0.21910505212944126,0.21909855907325124,1
2021,Riau,0.2993617228045741,0.11800348476677987,0.2913075285048163,0.29132726392382974,0
2021,Sulawesi Barat,0.2777296845974756,0.16883096381153798,0.27671826786490356,0.27672108372608284,0
2021,Sulawesi Selatan,0.3054812027888245,0.08628055946015362,0.30411674834027,0.30412148941075184,0
2021,Sulawesi Tengah,0.21678035853918318,0.34220047565574147,0.22051423729122713,0.22050492851384818,1
2021,Sulawesi Tenggara,0.29907795968447737,0.11504396732696318,0.2929313327858435,0.29294674020271594,0
2021,Sulawesi Utara,0.29070530168517816,0.12315474764376538,0.2930724368167439,0.29306751385431257,2
2021,Sumatera Barat,0.31196263190063866,0.08914756138087764,0.29942973580191634,0.29946007091656746,0
2021,Sumatera Selatan,0.3230232890866639,0.06738976585599007,0.304771618292586,0.30481532676476014,0
2021,Sumatera Utara,0.17800345642688006,0.45567245526291145,0.18316855910959295,0.18315552920061548,1
2022,Aceh,0.13922271464899028,0.5692637898283455,0.14576513042224476,0.14574836510041944,1
2022,Bali,0.2512560534084731,0.24298784542484567,0.25288002408516763,0.25287607708151366,2
2022,Banten,0.26680930592998314,0.20011977040787315,0.26653502040472576,0.26653590325741794,0
2022,Bengkulu,0.2853658100282742,0.15315078332406207,0.28073597758293045,0.2807474290647332,0
2022,DKI Jakarta,0.26050672029131977,0.21480421785551668,0.26234672220320454,0.262342339649959,2
2022,Daerah Istimewa Yogyakarta,0.29306138669802956,0.1330498993071624,0.28693679068921546,0.28695192330559255,0
2022,Gorontalo,0.22994113537518301,0.3001795831706195,0.23494587279859025,0.23493340865560725,1
2022,Jambi,0.2548128646265239,0.22651475502555096,0.25934173437226277,0.2593306459756624,2
2022,Jawa Barat,0.2785894969700182,0.16659675387674397,0.27740522877358365,0.27740852037965413,0
2022,Jawa Tengah,0.30596242270827084,0.08980141019137812,0.30211269979143546,0.30212346730891554,0
2022,Jawa Timur,0.3156407601454134,0.08146173504088104,0.30143154588844834,0.3014659589252572,0
2022,Kalimantan Barat,0.28667369344824667,0.1417855601587823,0.28576900723191,0.285771739161061,0
2022,Kalimantan Selatan,0.3149075824901635,0.08436164980592338,0.30034788265478324,0.3003828850491299,0
2022,Kalimantan Tengah,0.2581340561869214,0.21242100046755144,0.26473059133602866,0.2647143520094985,2
2022,Kalimantan Timur,0.31420106970335177,0.08764546294705862,0.29905864480160627,0.29909482254798336,0
2022,Kalimantan Utara,0.28024791131616744,0.1667150209971416,0.2765139147997848,0.27652315288690604,0
2022,Kepulauan Bangka Belitung,0.2780688039123671,0.16186910655942152,0.28003326276550783,0.2800288267627036,2
2022,Kepulauan Riau,0.2572775819798293,0.22627217329074803,0.2582262359578992,0.2582240087715235,2
2022,Lampung,0.31036556487361605,0.09355203407644605,0.29802627959546774,0.29805612145447014,0
2022,Maluku,0.2942626279383976,0.1257105766313437,0.29000800994849085,0.2900187854817679,0
2022,Maluku Utara,0.22295898400795075,0.32635842719973956,0.22534426677176053,0.22533832202054913,1
2022,Nusa Tenggara Barat,0.22659410118189877,0.3094647224511896,0.23197727216661862,0.23196390420029295,1
2022,Nusa Tenggara Timur,0.18828249523080268,0.42235993194384674,0.19468688674455245,0.1946706860807981,1
2022,Papua,0.21878099947417676,0.3388246659133936,0.22120019149979056,0.22119414311263905,1
2022,Papua Barat,0.21808200293645785,0.3409431929280275,0.22049041494942018,0.22048438918609442,1
2022,Papua Barat Daya,0.15938797379373704,0.5132234707056847,0.16369973018515566,0.1636888253154226,1
2022,Papua Pegunungan,0.2229101002822363,0.3271860484754596,0.22495448303293294,0.22494936820937111,1
2022,Papua Selatan,0.24552162190240462,0.2550572451301861,0.2497157381954267,0.24970539477198256,1
2022,Papua Tengah,0.24266329024852254,0.2687613632781661,0.24428967941647536,0.24428566705683594,1
2022,Riau,0.25371382094090916,0.2270219244273961,0.25963940920086426,0.25962484543083053,2
2022,Sulawesi Barat,0.2777296845974756,0.16883096381153798,0.27671826786490356,0.27672108372608284,0
2022,Sulawesi Selatan,0.3156340237826935,0.07252973729209752,0.30590580957809305,0.30593042934711584,0
2022,Sulawesi Tengah,0.18552575360420162,0.43237198596167636,0.1910581066962746,0.19104415373784742,1
2022,Sulawesi Tenggara,0.3067239259736696,0.09584696614597328,0.2987045304388095,0.29872457744154757,0
2022,Sulawesi Utara,0.28898743455992165,0.1276587812046139,0.2916798218445788,0.29167396239088567,2
2022,Sumatera Barat,0.31974101651632236,0.07400305461561447,0.30310805541287905,0.30314787345518396,0
2022,Sumatera Selatan,0.3191255982489113,0.07671360500405781,0.30206004504446216,0.3021007517025687,0
2022,Sumatera Utara,0.2731119368966192,0.1671724155675506,0.2798659801003601,0.27984966743547,2
2023,Aceh,0.11880769212780229,0.6328016679711091,0.12420223151398457,0.12418840838710402,1
2023,Bali,0.2562209090120534,0.22875343792104424,0.25751437772929536,0.257511275337607,2
2023,Banten,0.2693817108948784,0.19480939822636234,0.2679025519686984,0.2679063389100608,0
2023,Bengkulu,0.3003942442169685,0.1177368734446736,0.290922945342576,0.2909459369957819,0
2023,DKI Jakarta,0.26352118518505363,0.21152610115688134,0.2624750260655667,0.26247768759249823,0
2023,Daerah Istimewa Yogyakarta,0.281689600207456,0.1619228882318709,0.27818936943667516,0.2781981421239979,0
2023,Gorontalo,0.23111270862288674,0.2996066687423736,0.2346446905801803,0.2346359320545594,1
2023,Jambi,0.2846883345837178,0.15095590590881303,0.2821746191219886,0.2821811403854806,0
2023,Jawa Barat,0.27640913388171845,0.17324361552045558,0.27517194294811226,0.27517530764971365,0
2023,Jawa Tengah,0.306368899034911,0.08656939367172956,0.3035266062793953,0.30353510101396414,0
2023,Jawa Timur,0.31695876433519005,0.08035402245054052,0.30132483049704756,0.301362382717222,0
2023,Kalimantan Barat,0.2872882483300366,0.1433461276074215,0.2846794304311604,0.28468619363138153,0
2023,Kalimantan Selatan,0.3107541023516888,0.09509304103028131,0.29706001668774507,0.29709283993028485,0
2023,Kalimantan Tengah,0.28837877169866805,0.11080844836240542,0.30042105638751915,0.3003917235514074,2
2023,Kalimantan Timur,0.31146484035251937,0.09352838884152107,0.2974866416639255,0.297520129142034,0
2023,Kalimantan Utara,0.2799773871291569,0.1666733540904261,0.2766705044643666,0.2766787543160505,0
2023,Kepulauan Bangka Belitung,0.2855496954062205,0.11890184058090479,0.29778916067354017,0.2977593033393346,2
2023,Kepulauan Riau,0.3012293412565051,0.10035743003794934,0.2992035755770553,0.29920965312849035,0
2023,Lampung,0.3186685122641703,0.06998397145389965,0.30565772224944293,0.3056897940324872,0
2023,Maluku,0.24074234658315405,0.2705008690349241,0.24438287685872925,0.24437390752319255,1
2023,Maluku Utara,0.2828356500802793,0.15072362878146883,0.2832206071494085,0.2832201139888434,2
2023,Nusa Tenggara Barat,0.25845570086353115,0.22092939136428644,0.2603096307496143,0.2603052770225681,2
2023,Nusa Tenggara Timur,0.0779697933820436,0.7590090958327634,0.08151510307411744,0.08150600771107555,1
2023,Papua,0.18447002316806352,0.438848531971266,0.1883456009250534,0.18833584393561714,1
2023,Papua Barat,0.19899632317386765,0.39665347746218726,0.20217909536866005,0.202171103995285,1
2023,Papua Barat Daya,0.1891519994360172,0.425207126447034,0.192825059181923,0.1928158149350258,1
2023,Papua Pegunungan,0.2229101002822363,0.3271860484754596,0.22495448303293294,0.22494936820937111,1
2023,Papua Selatan,0.2092571014594321,0.3661211238831701,0.21231471863828785,0.2123070560191099,1
2023,Papua Tengah,0.24266329024852254,0.2687613632781661,0.24428967941647536,0.24428566705683594,1
2023,Riau,0.20855614115446938,0.36202202421582635,0.2147186711893052,0.21470316344039903,1
2023,Sulawesi Barat,0.2777296845974756,0.16883096381153795,0.27671826786490356,0.2767210837260829,0
2023,Sulawesi Selatan,0.3183748429118114,0.05540779274073734,0.3131010525320276,0.3131163118154237,0
2023,Sulawesi Tengah,0.2230671495313246,0.32327387457296114,0.22683416862454708,0.22682480727116716,1
2023,Sulawesi Tenggara,0.30876581137579373,0.08745669142308443,0.30187996158901187,0.30189753561211,0
2023,Sulawesi Utara,0.27246645799580255,0.17415731781921812,0.2766931410274054,0.276683083157574,2
2023,Sumatera Barat,0.3222474216360766,0.06907036582849246,0.30431967728902853,0.3043625352464024,0
2023,Sumatera Selatan,0.3059788588782935,0.1019319680494386,0.296032427222884,0.2960567458493838,0
2023,Sumatera Utara,0.19819950501860326,0.39359589012857393,0.20410974826418887,0.20409485658863397,1
2024,Aceh,0.12968458757025406,0.6005338055106721,0.1348974542343099,0.13488415268476386,1
2024,Bali,0.25568931014680313,0.22998440193042655,0.2571649152980644,0.2571613726247059,2
2024,Banten,0.2721849592438344,0.18717554286856325,0.27031737395830646,0.27032212392929594,0
2024,Bengkulu,0.2969569931479049,0.12653486553750476,0.2882435113101279,0.28826463000446245,0
2024,DKI Jakarta,0.2634022871106295,0.21185997347830704,0.26236755334580525,0.2623701860652582,0
2024,Daerah Istimewa Yogyakarta,0.282281302865115,0.15979069563310092,0.27895980669773374,0.2789681948040504,0
2024,Gorontalo,0.2133606954134394,0.3525984323032947,0.2170250202982116,0.21701585198505433,1
2024,Jambi,0.31177653053608645,0.0830264401836456,0.3025869455267316,0.3026100837535363,0
2024,Jawa Barat,0.289906987549544,0.1361074600038503,0.286988927194226,0.2869966252523796,0
2024,Jawa Tengah,0.3064767649347611,0.08968663268315466,0.30191210811012464,0.30192449427195966,0
2024,Jawa Timur,0.32469245074150405,0.0628338955894422,0.30621461070081324,0.3062590429682406,0
2024,Kalimantan Barat,0.2851143387523778,0.150658385177641,0.28210981779772765,0.2821174582722536,0
2024,Kalimantan Selatan,0.30636514742021675,0.10199870434534691,0.29580522610323245,0.2958309221312038,0
2024,Kalimantan Tengah,0.25606027752189303,0.2164217099481051,0.2637685259998983,0.2637494865301035,2
2024,Kalimantan Timur,0.32105053291097857,0.07235933799434753,0.3032738549122137,0.3033162741824602,0
2024,Kalimantan Utara,0.2804416868026926,0.16540542240416195,0.2770722414088213,0.2770806493843241,0
2024,Kepulauan Bangka Belitung,0.2503775909998835,0.24415671108230289,0.25273572795680915,0.2527299699610044,2
2024,Kepulauan Riau,0.3056298484030472,0.09944297892237787,0.2974533860472727,0.2974737866273022,0
2024,Lampung,0.2886640342884836,0.1349491195898153,0.288192560368476,0.2881942857532251,0
2024,Maluku,0.20425702366933096,0.3810754910550578,0.20733761030973946,0.20732987496587185,1
2024,Maluku Utara,0.2828356500802792,0.15072362878146886,0.2832206071494085,0.28322011398884334,2
2024,Nusa Tenggara Barat,0.19380247452207272,0.40424731716861007,0.20098418212802618,0.20096602618129103,1
2024,Nusa Tenggara Timur,0.120850565318957,0.6288505502538108,0.12515492424142538,0.12514396018580687,1
2024,Papua,0.20881538475706388,0.3641647441922873,0.21351581945106604,0.21350405159958288,1
2024,Papua Barat,0.22427379611404713,0.32250766720222906,0.22661218128505253,0.22660635539867127,1
2024,Papua Barat Daya,0.15938797379373704,0.5132234707056847,0.16369973018515566,0.1636888253154226,1
2024,Papua Pegunungan,0.2229101002822363,0.3271860484754596,0.22495448303293294,0.22494936820937111,1
2024,Papua Selatan,0.22349505823435234,0.32379706620108734,0.22635750724184092,0.22635036832271935,1
2024,Papua Tengah,0.24266329024852254,0.2687613632781661,0.24428967941647536,0.24428566705683594,1
2024,Riau,0.26998636803946335,0.1896047609044366,0.2702045967819895,0.2702042742741106,2
2024,Sulawesi Barat,0.2948706952436247,0.10996867101037526,0.2975830818559746,0.29757755189002544,2
2024,Sulawesi Selatan,0.32000629472344505,0.051479074212198335,0.31424898342624047,0.31426564763811615,0
2024,Sulawesi Tengah,0.18683952204824578,0.4306075786445797,0.19128204029680146,0.19127085901037305,1
2024,Sulawesi Tenggara,0.2919602169309572,0.132081598306951,0.287974018706636,0.28798416605545585,0
2024,Sulawesi Utara,0.24737305898494436,0.24667315110948201,0.25298382433769995,0.2529699655678736,2
2024,Sumatera Barat,0.3087592704682031,0.08870200624384404,0.3012598652298517,0.3012788580581011,0
2024,Sumatera Selatan,0.27114092666369005,0.1677888576774028,0.28054669270350513,0.28052352295540206,2
2024,Sumatera Utara,0.2850476952919388,0.14425856506481533,0.28534698963023997,0.2853467500130059,2
2025,Aceh,0.19069935075293745,0.41256653479261846,0.1983768145522357,0.19835729990220846,1
2025,Bali,0.251759492014498,0.24123140112183344,0.25350667449971487,0.2535024323639537,2
2025,Banten,0.23946850036901038,0.2787246037769828,0.2409052163783796,0.24090167947562718,1
2025,Bengkulu,0.2503462119424591,0.24622363524826651,0.25171673222645596,0.2517134205828184,2
2025,DKI Jakarta,0.26258979014721306,0.21414384801438208,0.2616319615649941,0.2616344002734108,0
2025,Daerah Istimewa Yogyakarta,0.2845775899107651,0.15337517302422687,0.28101913276166973,0.28102810430333836,0
2025,Gorontalo,0.24952988039268834,0.24344189242678957,0.25351901803324073,0.2535092091472814,2
2025,Jambi,0.27847986328744473,0.1513144060413696,0.2851108113355263,0.2850949193356594,2
2025,Jawa Barat,0.2897329266307604,0.13589095490227546,0.28718465446184116,0.28719146400512297,0
2025,Jawa Tengah,0.2909940513566895,0.13937766581948882,0.2848065211903458,0.28482176163347594,0
2025,Jawa Timur,0.32164562405122166,0.07248206025902446,0.3029139309620162,0.3029583847277377,0
2025,Kalimantan Barat,0.28019280305373884,0.16006663750252514,0.2798696819960547,0.27987087744768135,0
2025,Kalimantan Selatan,0.3216091720694456,0.0698592218190449,0.30424499298296737,0.30428661312854216,0
2025,Kalimantan Tengah,0.30784697364858943,0.0746956048071783,0.30872876554434464,0.30872865599988764,2
2025,Kalimantan Timur,0.3240477218633565,0.06719389002242085,0.3043558450871404,0.30440254302708225,0
2025,Kalimantan Utara,0.28931864066467966,0.14320565104043576,0.28373097708796724,0.28374473120691734,0
2025,Kepulauan Bangka Belitung,0.2941413841784579,0.1302742793451656,0.28778433778420626,0.28779999869217016,0
2025,Kepulauan Riau,0.2884532768377998,0.13734020608386238,0.28710136458609276,0.2871051524922451,0
2025,Lampung,0.2608363391507356,0.21845656140083408,0.2603529117166413,0.260354187731789,0
2025,Maluku,0.13579067855074056,0.5839761364896411,0.14012208497969925,0.14011109997991905,1
2025,Maluku Utara,0.2828356500802792,0.15072362878146886,0.2832206071494085,0.28322011398884334,2
2025,Nusa Tenggara Barat,0.2368173564623745,0.2802575078955491,0.24146830378766468,0.24145683185441177,1
2025,Nusa Tenggara Timur,0.11176008834139635,0.6531351112275615,0.1175598623831162,0.11754493804792598,1
2025,Papua,0.16650535334300903,0.4904952011212716,0.17150604762853588,0.17149339790718351,1
2025,Papua Barat,0.22484340768052768,0.32088329319013636,0.22713951010446887,0.227133789024867,1
2025,Papua Barat Daya,0.27729304173439684,0.17258932786757702,0.27505596157739487,0.27506166882063127,0
2025,Papua Pegunungan,0.2229101002822363,0.3271860484754596,0.22495448303293294,0.22494936820937111,1
2025,Papua Selatan,0.21538626745383044,0.3456730565295113,0.21947545129052554,0.21946522472613278,1
2025,Papua Tengah,0.24266329024852254,0.2687613632781661,0.24428967941647536,0.24428566705683594,1
2025,Riau,0.2868603564996319,0.14494324052226515,0.28409462152617393,0.28410178145192905,0
2025,Sulawesi Barat,0.2777296845974756,0.16883096381153795,0.27671826786490356,0.2767210837260829,0
2025,Sulawesi Selatan,0.3083995662413329,0.05351143639549622,0.3190562661017863,0.3190327312613846,2
2025,Sulawesi Tengah,0.22578290194901093,0.3172069764062805,0.2285084572958885,0.2285016643488201,1
2025,Sulawesi Tenggara,0.2881119530705893,0.1418259563180905,0.2850270821905575,0.2850350084207627,0
2025,Sulawesi Utara,0.2855519351590323,0.14254467689404457,0.28595191556579036,0.2859514723811328,2
2025,Sumatera Barat,0.30655816346944165,0.09867870083120397,0.2973702548200128,0.2973928808793417,0
2025,Sumatera Selatan,0.2798137466946577,0.16655504818479389,0.2768118558944542,0.2768193492260942,0
2025,Sumatera Utara,0.2973318040873606,0.11313646846165924,0.2947623550375662,0.294769372413414,0
