Tahun,Provinsi,u_cluster_0,u_cluster_1,u_cluster_2,u_cluster_3,label
2019,Aceh,0.43285637575535174,0.18889713310883244,0.18888689264281733,0.18935959849299844,0
2019,Bali,0.24869598680648594,0.2503377424572936,0.2503311329427452,0.2506351377934752,3
2019,Banten,0.23732050886017061,0.254214621769096,0.2542138028956117,0.2542510664751218,3
2019,Bengkulu,0.21916030868771647,0.2602200770559644,0.2602159856251023,0.26040362863121685,3
2019,DKI Jakarta,0.22964591702752363,0.25679253926255047,0.25679306692363524,0.25676847678629067,2
2019,Daerah Istimewa Yogyakarta,0.14755847098141783,0.2843619710621155,0.28437660072352927,0.2837029572329375,2
2019,Gorontalo,0.13775554249510807,0.28738803108192434,0.28738613423559284,0.28747029218737474,3
2019,Jambi,0.318573166462984,0.22694422422983188,0.2269307512485145,0.22755185805866954,0
2019,Jawa Barat,0.1935859424462849,0.2688444781382974,0.2688471638243011,0.2687224155911166,2
2019,Jawa Tengah,0.0946063515872946,0.30231328856348233,0.3023484983324295,0.3007318615167936,2
2019,Jawa Timur,0.09305153576468354,0.30286792902157955,0.3029056507655718,0.30117488444816515,2
2019,Kalimantan Barat,0.13290381143971633,0.2889814286854817,0.28897788048700096,0.28913687938780097,3
2019,Kalimantan Selatan,0.09862769928144424,0.30095863022437963,0.30099288274277897,0.2994207877513972,2
2019,Kalimantan Tengah,0.07644659382681614,0.3083669844239109,0.30840215747457267,0.3067842642747003,2
2019,Kalimantan Timur,0.08994263095500192,0.3038266032440414,0.3038589502028592,0.3023718155980975,2
2019,Kalimantan Utara,0.14240242399009195,0.28606774558672976,0.28608148999090355,0.2854483404322747,2
2019,Kepulauan Bangka Belitung,0.36506530328374986,0.2115088703358453,0.21149962303957007,0.21192620334083473,0
2019,Kepulauan Riau,0.1443107789688749,0.28490666061369174,0.28488460218291706,0.2858979582345163,3
2019,Lampung,0.19876116127416824,0.2670872422828536,0.26708773812242376,0.26706385832055446,2
2019,Maluku,0.18685664861000875,0.27069207219616165,0.2706678582812055,0.2717834209126241,3
2019,Maluku Utara,0.2073470268854723,0.26416011101396386,0.2641561665329775,0.2643366955675862,3
2019,Nusa Tenggara Barat,0.18939088993348818,0.2702375323339056,0.27023985713354026,0.270131720599066,2
2019,Nusa Tenggara Timur,0.6702636558215539,0.10971132847064624,0.10969772261164956,0.11032729309615034,0
2019,Papua,0.29858582458396976,0.23371389518362376,0.23370771285100153,0.23399256738140495,0
2019,Papua Barat,0.2709253441569406,0.2429752211034547,0.24297183893383634,0.2431275958057684,0
2019,Riau,0.2783308864841318,0.2404289732387608,0.24042029336274476,0.2408198469143627,0
2019,Sulawesi Barat,0.16247106262704925,0.27933419911122126,0.2793449455831213,0.27884979267860827,2
2019,Sulawesi Selatan,0.06362630478220117,0.31236852413526267,0.31238491092643755,0.31162026015609867,2
2019,Sulawesi Tengah,0.34975875591490324,0.21653051162657214,0.21651579240373484,0.21719494005478981,0
2019,Sulawesi Tenggara,0.18097754605165076,0.27294610004148406,0.27294188130061847,0.2731344726062468,3
2019,Sulawesi Utara,0.15271443108629543,0.28250178460452857,0.2825067292052744,0.28227705510390155,2
2019,Sumatera Barat,0.08374367142510263,0.3059112248365001,0.3059448202032096,0.3044002835351877,2
2019,Sumatera Selatan,0.16763988208276065,0.27756565577154424,0.27757328211645527,0.27722118002923984,2
2019,Sumatera Utara,0.21103454003055333,0.26281817730134505,0.26280655637332495,0.2633407262947767,3
2020,Aceh,0.37169971459143664,0.2093185527847008,0.20931074573615155,0.209670986887711,0
2020,Bali,0.2747504491329055,0.24166925053594301,0.24166376157154515,0.24191653875960628,0
2020,Banten,0.22610870425865223,0.2579693243003588,0.25796969147636556,0.25795227996462344,2
2020,Bengkulu,0.09132265439111448,0.3033372639260085,0.3033676040285668,0.30197247765431023,2
2020,DKI Jakarta,0.22480210829468703,0.2584177935915433,0.2584190450306663,0.25836105308310336,2
2020,Daerah Istimewa Yogyakarta,0.1335809822544299,0.2891010214992595,0.2891211200042207,0.2881968762420899,2
2020,Gorontalo,0.09019949412689746,0.30378025726459706,0.3038153329066445,0.302204915701861,2
2020,Jambi,0.4204440180849475,0.19295632199057472,0.19294076906341026,0.1936588908610675,0
2020,Jawa Barat,0.12935685576700803,0.29039578087548196,0.29040808905584237,0.2898392743016676,2
2020,Jawa Tengah,0.07947137984849231,0.3071740685985729,0.30719651624298766,0.3061580353099472,2
2020,Jawa Timur,0.09927439666493112,0.3007457960196329,0.300780235399517,0.29919957191591895,2
2020,Kalimantan Barat,0.09017495931928947,0.3036993600168937,0.3037282800546576,0.3023974006091593,2
2020,Kalimantan Selatan,0.10084689144368846,0.3002026319808219,0.30023576892923576,0.29871470764625396,2
2020,Kalimantan Tengah,0.07452060373448088,0.3088613717371187,0.30888637268077623,0.3077316518476242,2
2020,Kalimantan Timur,0.09236374511007506,0.30308035131385663,0.30311690797124774,0.30143899560482046,2
2020,Kalimantan Utara,0.14147195348234565,0.2863544149619039,0.2863665436591529,0.28580708789659764,2
2020,Kepulauan Bangka Belitung,0.1792915106920882,0.27347786372778865,0.273471577935769,0.27375904764435416,3
2020,Kepulauan Riau,0.15240344903084588,0.28249517094054,0.282492579980752,0.2826088000478621,3
2020,Lampung,0.19432782484956446,0.2682275897059729,0.26820513544431973,0.26923945000014293,3
2020,Maluku,0.44904037014946063,0.1834979796795762,0.18348743517723837,0.1839742149937248,0
2020,Maluku Utara,0.15079910027027665,0.28313588220566527,0.28314053185701066,0.2829244856670474,2
2020,Nusa Tenggara Barat,0.34144668823828095,0.21937438061214842,0.21936462754173966,0.21981430360783097,0
2020,Nusa Tenggara Timur,0.4654498769297961,0.1777891553316746,0.1777624505348199,0.17899851720370935,0
2020,Papua,0.4301735487492834,0.18977153404111405,0.1897599436942948,0.19029497351530777,0
2020,Papua Barat,0.269896682003767,0.24331085438018552,0.24330697702503595,0.24348548659101155,0
2020,Riau,0.3588998479779238,0.21358770366018434,0.2135800659046377,0.2139323824572541,0
2020,Sulawesi Barat,0.2403786011135876,0.25315321582629874,0.2531495306215066,0.25331865243860696,3
2020,Sulawesi Selatan,0.06983738192542627,0.3101885853435202,0.31019750406935725,0.3097765286616962,2
2020,Sulawesi Tengah,0.13948840272845253,0.2870321720269478,0.28704543384367043,0.2864339914009293,2
2020,Sulawesi Tenggara,0.0844518165773308,0.3055315106571959,0.3055552163993961,0.3044614563660772,2
2020,Sulawesi Utara,0.23046209053194408,0.2565259085872866,0.25652680669840566,0.2564851941823636,2
2020,Sumatera Barat,0.07300524176670016,0.3095928352342186,0.30963344036492696,0.30776848263415435,2
2020,Sumatera Selatan,0.08883702786625794,0.30420735518583286,0.3042405416386337,0.3027150753092755,2
2020,Sumatera Utara,0.09738080814839414,0.30115747212173044,0.30117679609129355,0.3002849236385819,2
2021,Aceh,0.532033291050375,0.15581884482192251,0.15580730121658456,0.15634056291111792,0
2021,Bali,0.2648956427753504,0.24494079558388765,0.2449343914824504,0.24522917015831153,0
2021,Banten,0.20519763433778743,0.2649501621951448,0.2649512321434087,0.2649009713236591,2
2021,Bengkulu,0.19180231627731303,0.2694203915635042,0.26942181242205476,0.26935547973712803,2
2021,DKI Jakarta,0.21152275801328527,0.26286680963804193,0.26286959530256937,0.26274083704610346,2
2021,Daerah Istimewa Yogyakarta,0.1805469922219742,0.27325119391701164,0.2732580045880846,0.2729438092729296,2
2021,Gorontalo,0.29825599180580775,0.23385455945539266,0.2338504708912683,0.2340389778475313,0
2021,Jambi,0.20221602412350595,0.2659304401049637,0.2659305825181107,0.26592295325341964,2
2021,Jawa Barat,0.146115900620641,0.28475487196835914,0.28476346249802365,0.28436576491297627,2
2021,Jawa Tengah,0.08902089691851392,0.30385333597319175,0.30386637481091994,0.30325939229737436,2
2021,Jawa Timur,0.09148694301564002,0.30333388476285983,0.3033677606634081,0.30181141155809205,2
2021,Kalimantan Barat,0.11145671640072492,0.29651521728448166,0.29653798758500827,0.2954900787297851,2
2021,Kalimantan Selatan,0.09118913457089858,0.30349379570964025,0.3035318656843118,0.3017852040351494,2
2021,Kalimantan Tengah,0.22197905775573656,0.2590648332122872,0.259046076602153,0.2599100324298232,3
2021,Kalimantan Timur,0.07026904176121183,0.31064076415305697,0.31069074846974915,0.308399445615982,2
2021,Kalimantan Utara,0.16671669173426223,0.2779061232902801,0.27791599603979,0.2774611889356677,2
2021,Kepulauan Bangka Belitung,0.2770861080296416,0.2408118516435071,0.24080099594011384,0.2413010443867374,0
2021,Kepulauan Riau,0.2891762559932186,0.23682383550815322,0.23681583910469586,0.23718406939393236,0
2021,Lampung,0.16683576818404428,0.27731191958021256,0.2772840326205056,0.2785682796152375,3
2021,Maluku,0.500373152752443,0.16638009085270514,0.1663690794706172,0.16687767692423475,0
2021,Maluku Utara,0.2462282602673822,0.2511678293125438,0.2511617318192981,0.25144217860077595,3
2021,Nusa Tenggara Barat,0.28095120996476886,0.2395185087994519,0.2395073095135487,0.24002297172223047,0
2021,Nusa Tenggara Timur,0.30040368301992026,0.23295797842567947,0.23294159788050134,0.23369674067389895,0
2021,Papua,0.3110684268943634,0.22923596119005826,0.22920828343518818,0.23048732848039008,0
2021,Papua Barat,0.34531394711385593,0.21812738945528337,0.21812050234141844,0.21843816108944225,0
2021,Riau,0.11798852884040967,0.29431562555286106,0.2943368780082875,0.2933589675984418,2
2021,Sulawesi Barat,0.16880323908875475,0.2771067150219471,0.27710947307489353,0.2769805728144046,2
2021,Sulawesi Selatan,0.08623175957743087,0.30465041379327346,0.3046543842643578,0.3044634423649379,2
2021,Sulawesi Tengah,0.3422204972855168,0.21911436220989733,0.21910446820329244,0.21956067230129342,0
2021,Sulawesi Tenggara,0.11501998325380992,0.2952333385848678,0.2952496505909959,0.2944970275703264,2
2021,Sulawesi Utara,0.12310559182832306,0.292211569697942,0.29220555177636903,0.29247728669736595,3
2021,Sumatera Barat,0.08914281037071231,0.30410203874499814,0.3041350086348478,0.30262014224944167,2
2021,Sumatera Selatan,0.06739614501657178,0.3115686331126758,0.3116165276396296,0.3094186942311228,2
2021,Sumatera Utara,0.4557333433132773,0.18122010392371476,0.18120637782037652,0.18184017494263136,0
2022,Aceh,0.5693492972965788,0.14329271374094757,0.14327525949407124,0.14408272946840248,0
2022,Bali,0.24297909844484156,0.2522776146072359,0.25227333761274057,0.252469949335182,3
2022,Banten,0.20010099946968374,0.26664484738840316,0.2666456266488165,0.2666085264930965,2
2022,Bengkulu,0.15313440206427256,0.2824683812738432,0.28248062545784974,0.28191659120403456,2
2022,DKI Jakarta,0.21478518410485686,0.26166776198301284,0.26166293913198724,0.26188411478014306,3
2022,Daerah Istimewa Yogyakarta,0.13303306804578346,0.28922680851394034,0.2892430023081099,0.28849712113216625,2
2022,Gorontalo,0.3001847064840243,0.23307683128551024,0.23306357154891025,0.23367489068155525,0
2022,Jambi,0.22649651894269052,0.25765918283210065,0.25764723247077914,0.25819706575442974,3
2022,Jawa Barat,0.16656825197443756,0.2778587155094421,0.27786194400544967,0.2777110885106707,2
2022,Jawa Tengah,0.08975862212050573,0.30357071035924826,0.30358122701275536,0.3030894405074907,2
2022,Jawa Timur,0.08146058533824972,0.3067275252944885,0.30676491217067076,0.305046977196591,2
2022,Kalimantan Barat,0.1417475070530919,0.28612220784526904,0.28612473185369186,0.28600555324794713,2
2022,Kalimantan Selatan,0.08436320989916388,0.30577194500143196,0.3058101832820976,0.3040546618173065,2
2022,Kalimantan Tengah,0.21239975197285307,0.2622775241662817,0.2622600927390613,0.26306263112180395,3
2022,Kalimantan Timur,0.0876552555541687,0.30469560202033225,0.30473530587058373,0.3029138365549153,2
2022,Kalimantan Utara,0.16670105103176297,0.2779113765628583,0.277921252014967,0.2774663203904118,2
2022,Kepulauan Bangka Belitung,0.16183174403747738,0.27931553833907335,0.2793104520784614,0.2795422655449878,3
2022,Kepulauan Riau,0.2262580013632787,0.2578778426428243,0.25787536514467535,0.25798879084922166,3
2022,Lampung,0.0935495403231875,0.3026255052567097,0.30265795804251683,0.301166996377586,2
2022,Maluku,0.12568317456532424,0.29160570362149196,0.29161702317878274,0.29109409863440106,2
2022,Maluku Utara,0.326377321896959,0.2244479787141402,0.22444165908803454,0.22473304030086624,0
2022,Nusa Tenggara Barat,0.3094664393259992,0.22996840008143096,0.22995414749855275,0.23061101309401716,0
2022,Nusa Tenggara Timur,0.42240786399535746,0.19227982362486298,0.19226279109526828,0.19304952128451128,0
2022,Papua,0.3388501298516127,0.22028894476493538,0.22028253033549816,0.22057839504795376,0
2022,Papua Barat,0.3409689710667588,0.21958306010573567,0.2195766731579121,0.2198712956695934,0
2022,Papua Barat Daya,0.5133137080729706,0.1620599007414099,0.16204843650746137,0.16257795467815817,0
2022,Papua Pegunungan,0.32720759727035026,0.22418438681993152,0.2241789653506887,0.22442905055902945,0
2022,Papua Selatan,0.2550490474320567,0.24815421046338154,0.24814312471474032,0.24865361738982145,0
2022,Papua Tengah,0.26876198312158955,0.24368288459850912,0.24367858590771652,0.24387654637218473,0
2022,Riau,0.2269992769895837,0.25743719948179417,0.25742154849508675,0.2581419750335354,3
2022,Sulawesi Barat,0.16880323908875475,0.2771067150219471,0.27710947307489353,0.2769805728144046,2
2022,Sulawesi Selatan,0.07249972715598046,0.30954811149756734,0.30957399977396927,0.308378161572483,2
2022,Sulawesi Tengah,0.4324221756174045,0.18897613265489951,0.1889614308492978,0.18964026087839814,0
2022,Sulawesi Tenggara,0.09582304775153365,0.30170513836895024,0.30172640711153464,0.3007454067679814,2
2022,Sulawesi Utara,0.12761071467685292,0.2906964471925471,0.29068953362186295,0.29100330450873707,3
2022,Sumatera Barat,0.0740091322097944,0.30930200588597123,0.30934564394953173,0.30734321795470276,2
2022,Sumatera Selatan,0.07672423055721188,0.30841268213388234,0.3084574138935095,0.3064056734153963,2
2022,Sumatera Utara,0.1671406235400879,0.2773595785111044,0.2773418106491269,0.27815798729968083,3
2023,Aceh,0.6328994589120404,0.12215453299572854,0.12214014266232548,0.12280586542990561,0
2023,Bali,0.22874060331557183,0.2570367753272941,0.25703337946094523,0.25718924189618886,3
2023,Banten,0.1947937926945428,0.2684602794598565,0.2684642253012002,0.2682817025444006,2
2023,Bengkulu,0.11773217447890062,0.29445462970587744,0.29447956128077507,0.29333363453444683,2
2023,DKI Jakarta,0.21151449863439076,0.2628695738429644,0.2628723602599223,0.2627435672627226,2
2023,Daerah Istimewa Yogyakarta,0.16190435244480242,0.27950186522089016,0.27951115298569396,0.27908262934861344,2
2023,Gorontalo,0.29961062976463154,0.23332578209245103,0.23331643483643053,0.2337471533064869,0
2023,Jambi,0.1509295303734991,0.28312291588562033,0.28312964428634174,0.28281790945453883,2
2023,Jawa Barat,0.17321802685946988,0.2756438392961688,0.27564719229958334,0.275490941544778,2
2023,Jawa Tengah,0.0865223627691162,0.30461159794883425,0.3046195074346989,0.3042465318473506,2
2023,Jawa Timur,0.08036024480011213,0.30714735324323383,0.3071884030196064,0.3053039989370476,2
2023,Kalimantan Barat,0.14331545753729621,0.2856646893410496,0.28567167208328204,0.2853481810383722,2
2023,Kalimantan Selatan,0.09509904880269104,0.30215942655353,0.30219536160170757,0.3005461630420714,2
2023,Kalimantan Tengah,0.11077702616366193,0.29594204237794786,0.2959102828502665,0.29737064860812373,3
2023,Kalimantan Timur,0.09353626083282908,0.30269115098361954,0.30272782610522186,0.3010447620783295,2
2023,Kalimantan Utara,0.1666545687722066,0.27791068824746884,0.2779194528937985,0.27751529008652603,2
2023,Kepulauan Bangka Belitung,0.11887126132514532,0.29323610404737427,0.2932038143104566,0.29468882031702376,3
2023,Kepulauan Riau,0.10030968647614993,0.2999817558933396,0.29998739916580874,0.29972115846470176,2
2023,Lampung,0.06996701420164679,0.31051595163354706,0.3105503439428287,0.3089666902219775,2
2023,Maluku,0.27049427471905046,0.24302734577292873,0.24301772612270495,0.2434606533853158,0
2023,Maluku Utara,0.1506875653966447,0.2830918553662625,0.2830909574058001,0.2831296218312927,3
2023,Nusa Tenggara Barat,0.22090717884878663,0.2596269336090904,0.2596220911720503,0.2598437963700726,3
2023,Nusa Tenggara Timur,0.7591287831843433,0.08015084538321701,0.08014138761088123,0.08057898382155847,0
2023,Papua,0.43890925604041264,0.1868787186846835,0.18686842534018186,0.187343599934722,0
2023,Papua Barat,0.39669916851897996,0.20097595977316285,0.2009675120819018,0.2013573596259554,0
2023,Papua Barat Daya,0.42526539312621986,0.191434607909656,0.1914248531980105,0.1918751457661137,0
2023,Papua Pegunungan,0.32720759727035026,0.22418438681993152,0.2241789653506887,0.22442905055902945,0
2023,Papua Selatan,0.3661558219005364,0.21116204478650089,0.2111539328582117,0.21152820045475101,0
2023,Papua Tengah,0.26876198312158955,0.24368288459850912,0.24367858590771652,0.24387654637218473,0
2023,Riau,0.36204653395745995,0.21241020108644443,0.21239383224216382,0.21314943271393177,0
2023,Sulawesi Barat,0.1688032390887548,0.27710671502194706,0.27710947307489353,0.2769805728144046,2
2023,Sulawesi Selatan,0.05536030528114359,0.3150979233723744,0.31511247074363224,0.31442930060284974,2
2023,Sulawesi Tengah,0.3232858449963695,0.22542479090387005,0.2254148165836418,0.2258745475161187,0
2023,Sulawesi Tenggara,0.08742175998829203,0.30446351768039337,0.30448187946534305,0.3036328428659715,2
2023,Sulawesi Utara,0.17411847531240823,0.27513189952535094,0.2751208215253665,0.2756288036368743,3
2023,Sumatera Barat,0.06907895232868143,0.3109947590856886,0.31104177932478,0.30888450926084987,2
2023,Sumatera Selatan,0.10191825092305545,0.29974534598349617,0.2997715786443699,0.2985648244490785,2
2023,Sumatera Utara,0.3936361556809799,0.20189009259344023,0.2018743896385051,0.20259936208707469,0
2024,Aceh,0.6006349877736994,0.13291683331030232,0.1329029423458937,0.13354523657010464,0
2024,Bali,0.2299714458094298,0.2566194784452916,0.2566156035578089,0.2567934721874698,3
2024,Banten,0.18715878456034987,0.27102038512063326,0.27102535887135193,0.2707954714476649,2
2024,Bengkulu,0.12653105986270946,0.2914922280724177,0.29151515517878374,0.2904615568860891,2
2024,DKI Jakarta,0.21184845147741965,0.26275780917501707,0.26276056522954605,0.2626331741180172,2
2024,Daerah Istimewa Yogyakarta,0.1597702575856666,0.28020662659632517,0.2802154571058198,0.27980765871218843,2
2024,Gorontalo,0.35262444145566263,0.21564889904385498,0.21563918069551263,0.2160874788049698,0
2024,Jambi,0.08299959616080561,0.3060263129918105,0.30605073416344974,0.3049233566839342,2
2024,Jawa Barat,0.13607624980457808,0.28809077185960674,0.28809861784448854,0.28773436049132656,2
2024,Jawa Tengah,0.08964610875175716,0.3036351197889672,0.3036474881395549,0.3030712833197208,2
2024,Jawa Timur,0.06283884706872088,0.31309751193545066,0.31314605029381504,0.3109175907020133,2
2024,Kalimantan Barat,0.15063144317992624,0.28324080657781314,0.2832488090397265,0.28287894120253415,2
2024,Kalimantan Selatan,0.10198950513145244,0.299744588557818,0.2997724053480778,0.29849350096265176,2
2024,Kalimantan Tengah,0.2164037158823464,0.2608993665632771,0.26087898017205835,0.2618179373823182,3
2024,Kalimantan Timur,0.07237113601720399,0.3098910686182322,0.3099376688921653,0.30780012647239857,2
2024,Kalimantan Utara,0.16538640727035678,0.2783358594362125,0.27834479047491223,0.2779329428185185,2
2024,Kepulauan Bangka Belitung,0.2441423972859307,0.25186135567241713,0.2518551382354515,0.2521411088062006,3
2024,Kepulauan Riau,0.09941708421587052,0.3005130557516223,0.3005347328277962,0.2995351272047109,2
2024,Lampung,0.13491120386359476,0.2883845038930415,0.2883858978365009,0.2883183944068628,2
2024,Maluku,0.3811159711221631,0.20617434559338157,0.20616616888139658,0.2065435144030588,0
2024,Maluku Utara,0.1506875653966447,0.2830918553662625,0.2830909574058001,0.2831296218312927,3
2024,Nusa Tenggara Barat,0.4042825168274119,0.19829119951982083,0.19827210127032363,0.19915418238244365,0
2024,Nusa Tenggara Timur,0.6289755935586331,0.12350579706123281,0.12349433350747598,0.12402427587265813,0
2024,Papua,0.36418710481299843,0.21175421169983674,0.21174174330122136,0.21231694018594358,0
2024,Papua Barat,0.3225240393740837,0.2257342449754684,0.22572805015062447,0.22601366549982335,0
2024,Papua Barat Daya,0.5133137080729706,0.1620599007414099,0.16204843650746137,0.16257795467815817,0
2024,Papua Pegunungan,0.32720759727035026,0.22418438681993152,0.2241789653506887,0.22442905055902945,0
2024,Papua Selatan,0.32381337540192606,0.22528400797332618,0.2252764225799223,0.22562619404482542,0
2024,Papua Tengah,0.26876198312158955,0.24368288459850912,0.24367858590771652,0.24387654637218473,0
2024,Riau,0.18958015157210573,0.27013273455228554,0.27013221435475204,0.27015489952085675,3
2024,Sulawesi Barat,0.1099195012805424,0.2965949303461196,0.296588062275346,0.2968975060979919,3
2024,Sulawesi Selatan,0.051430612406423624,0.316427894457898,0.3164437805044139,0.3156977126312645,2
2024,Sulawesi Tengah,0.430663106499408,0.18960527740921246,0.18959347849686123,0.19013813759451828,0
2024,Sulawesi Tenggara,0.13205214428950324,0.28947250548110176,0.2894831252903605,0.2889922249390344,2
2024,Sulawesi Utara,0.2466545011871119,0.2508972694415009,0.2508824324209951,0.251565796950392,3
2024,Sumatera Barat,0.08867175938494919,0.30407009632899473,0.30409005383216947,0.30316809045388654,2
2024,Sumatera Selatan,0.16776354576194966,0.2770471212285557,0.2770222572895957,0.27816707571989907,3
2024,Sumatera Utara,0.1442238893355168,0.28524997511322175,0.2852493140344943,0.28527682151676725,3
2025,Aceh,0.41261548646707974,0.1954935210729553,0.19547307741831071,0.19641791504165426,0
2025,Bali,0.24122127373936572,0.25285882564001294,0.25285422530300805,0.25306567531761337,3
2025,Banten,0.27872851603566373,0.24036811679251815,0.24036432171857883,0.2405390454532393,0
2025,Bengkulu,0.24621393695817054,0.25120923705871373,0.2512056330547873,0.2513711929283284,3
2025,DKI Jakarta,0.2141328858655415,0.26199332127212815,0.26199587292654886,0.26187791993578147,2
2025,Daerah Istimewa Yogyakarta,0.1533533620640437,0.28235478257875385,0.2823642391584292,0.2819276161987733,2
2025,Gorontalo,0.243428532026715,0.25203583591109446,0.25202529931692236,0.25251033274526813,3
2025,Jambi,0.1512776270304597,0.28265268656495257,0.2826352737244522,0.2834344126801356,3
2025,Jawa Barat,0.13585827060330946,0.28814921674012367,0.28815609148181837,0.2878364211747485,2
2025,Jawa Tengah,0.1393638034829134,0.28711872332370125,0.28713507055939025,0.28638240263399506,2
2025,Jawa Timur,0.07249957754035338,0.3098833839944498,0.3099324196379339,0.30768461882726295,2
2025,Kalimantan Barat,0.16003219927097034,0.28000413962931775,0.28000509925201905,0.2799585618476929,2
2025,Kalimantan Selatan,0.06986404376529462,0.31071212203082715,0.3107576958439804,0.3086661383598978,2
2025,Kalimantan Tengah,0.07464102724751132,0.30843077857475854,0.30842898966242444,0.3084992045153057,3
2025,Kalimantan Timur,0.06721140966561526,0.311682655606469,0.3117341970075711,0.3093717377203446,2
2025,Kalimantan Utara,0.1431918142664533,0.28581939290116154,0.28583415238943716,0.285154640442948,2
2025,Kepulauan Bangka Belitung,0.13025742793069042,0.29016076990367784,0.2901775655111326,0.2894042366544991,2
2025,Kepulauan Riau,0.13730077351884767,0.28762153643636545,0.28762523025107967,0.2874524597937072,2
2025,Lampung,0.21844526641300446,0.26053749293453937,0.2605387926499708,0.2604784480024853,2
2025,Maluku,0.584089912337014,0.13846689788987154,0.138455374222203,0.13898781555091144,0
2025,Maluku Utara,0.1506875653966447,0.2830918553662625,0.2830909574058001,0.2831296218312927,3
2025,Nusa Tenggara Barat,0.28024803825047184,0.23973680936779054,0.23972451584166748,0.24029063654007016,0
2025,Nusa Tenggara Timur,0.6532224068337976,0.11536389350835713,0.11534840506505264,0.11606529459279248,0
2025,Papua,0.49057478481306016,0.16961253352085873,0.16959923600382126,0.17021344566225985,0
2025,Papua Barat,0.3208992741246356,0.2262774769325562,0.2262713939711188,0.22655185497168936,0
2025,Papua Barat Daya,0.17256694077412396,0.2758989476252944,0.27590491055604366,0.275629201044538,2
2025,Papua Pegunungan,0.32720759727035026,0.22418438681993152,0.2241789653506887,0.22442905055902945,0
2025,Papua Selatan,0.34569548910096315,0.21794200079536274,0.21793115676764296,0.21843135333603117,0
2025,Papua Tengah,0.26876198312158955,0.24368288459850912,0.24367858590771652,0.24387654637218473,0
2025,Riau,0.14491384127157667,0.2851380359794138,0.2851454356763648,0.2848026870726447,2
2025,Sulawesi Barat,0.1688032390887548,0.27710671502194706,0.27710947307489353,0.2769805728144046,2
2025,Sulawesi Selatan,0.05346255272111533,0.3151140980161178,0.3150865990880986,0.31633675017466834,3
2025,Sulawesi Tengah,0.3172212441988234,0.2274867440035579,0.22747952246712067,0.22781248933049805,0
2025,Sulawesi Tenggara,0.14179612802217856,0.28618953868571284,0.2861977764679956,0.28581655682411294,2
2025,Sulawesi Utara,0.14250182276571197,0.2858203721978308,0.28581945823855065,0.2858583467979066,3
2025,Sumatera Barat,0.098659996743356,0.30080305694943865,0.30082733338647055,0.2997096129207348,2
2025,Sumatera Selatan,0.16653503319098903,0.27793867067934075,0.277946627982599,0.2775796681470712,2
2025,Sumatera Utara,0.1130954103720992,0.2957385818449056,0.2957455546462675,0.2954204531367277,2
