Tahun,Provinsi,u_cluster_0,u_cluster_1,u_cluster_2,u_cluster_3,label
2019,Aceh,0.18749671366237586,0.43283462659517064,0.18987395801103815,0.18979470173141536,1
2019,Bali,0.2494241564159853,0.24869938762365,0.250963431583942,0.25091302437642266,2
2019,Banten,0.2540992390154509,0.23732312010823015,0.2542918072288692,0.2542858336474497,2
2019,Bengkulu,0.25965129333768117,0.2191663101055628,0.26060661517000827,0.2605757813867477,2
2019,DKI Jakarta,0.25686337687760036,0.2296484701749985,0.2567419553475805,0.2567461975998207,0
2019,Daerah Istimewa Yogyakarta,0.2863773725447678,0.14756330769640205,0.28297361567387075,0.28308570408495937,0
2019,Gorontalo,0.2871098505931243,0.13777082222820466,0.28756584815660746,0.2875534790220636,2
2019,Jambi,0.2250906009736012,0.3185695637630172,0.22822177458076212,0.22811806068261953,1
2019,Jawa Barat,0.2692086704898621,0.19359237094116727,0.2685888236216499,0.2686101349473207,0
2019,Jawa Tengah,0.30718530447915804,0.09460486525156678,0.2989716041988916,0.2992382260703836,0
2019,Jawa Timur,0.3080927449053541,0.09304800331665859,0.29928720924489577,0.29957204253309155,0
2019,Kalimantan Barat,0.28847087239884184,0.1329201622765264,0.28931658636632707,0.28929237895830473,2
2019,Kalimantan Selatan,0.3057006555655805,0.09862569155692708,0.2977073369215455,0.2979663159559469,0
2019,Kalimantan Tengah,0.3132208402675499,0.07645044748836696,0.30503019990355124,0.30529851234053185,0
2019,Kalimantan Timur,0.30829395226927686,0.08994489491082197,0.3007574517685543,0.30100370105134683,0
2019,Kalimantan Utara,0.28795977798754474,0.14240825614193597,0.2847632388434911,0.2848687270270282,0
2019,Kepulauan Bangka Belitung,0.21024048720049743,0.36505405230166094,0.2123884190570801,0.2123170414407615,1
2019,Kepulauan Riau,0.28185377286402213,0.1443224977213457,0.2869955464470484,0.2868281829675837,2
2019,Lampung,0.26714960711049635,0.19876776305120866,0.26703905910702624,0.2670435707312687,0
2019,Maluku,0.26735407249488935,0.18686388321626488,0.27298396871528635,0.2727980755735594,2
2019,Maluku Utara,0.263609301693182,0.20735603025064225,0.26453207055127526,0.2645025975049006,2
2019,Nusa Tenggara Barat,0.2705516895732556,0.1893981111374763,0.2700158243309221,0.270034374958346,0
2019,Nusa Tenggara Timur,0.10785848442846391,0.6702276536149374,0.11101009930027128,0.11090376265632729,1
2019,Papua,0.23286329043602394,0.29858249104562296,0.2343008542337252,0.2342533642846279,1
2019,Papua Barat,0.2425093747488835,0.27092419886315844,0.24329617651838903,0.243270249869569,1
2019,Riau,0.23923165156258377,0.2783315256120186,0.24125161959105143,0.2411852032343462,1
2019,Sulawesi Barat,0.2808128717575601,0.16247649471568593,0.2783140410342594,0.27839659249249454,0
2019,Sulawesi Selatan,0.3145849135318233,0.06364213512175092,0.3108202937409243,0.3109526576055015,0
2019,Sulawesi Tengah,0.21450884855925953,0.3497509187119358,0.2179269706202259,0.21781326210857876,1
2019,Sulawesi Tenggara,0.27235488036178684,0.1809883352220248,0.2733439855420932,0.2733127988740952,2
2019,Sulawesi Utara,0.2831720882752339,0.15272661412067487,0.2820310326491653,0.282070264954926,0
2019,Sumatera Barat,0.3105508177451755,0.0837463088489377,0.30272355887078867,0.30297931453509813,0
2019,Sumatera Selatan,0.2786114751985872,0.1676465397880763,0.27684145944293354,0.27690052557040296,0
2019,Sumatera Utara,0.261210060526162,0.21104266005502095,0.26391783678345926,0.2638294426353578,2
2020,Aceh,0.20824933672435728,0.37168638594146625,0.21006230346874052,0.21000197386543593,1
2020,Bali,0.24091271585672405,0.2747501097464101,0.2421896244793699,0.242147549917496,1
2020,Banten,0.2580170158486463,0.2261119970712108,0.2579339156683557,0.2579370714117872,0
2020,Bengkulu,0.30752623904002535,0.09132571974884544,0.30045844702334934,0.3006895941877799,0
2020,DKI Jakarta,0.2585879789754694,0.22480514643075816,0.2582985184302924,0.2583083561634799,0
2020,Daerah Istimewa Yogyakarta,0.29187567946731763,0.13358359633220038,0.28719377988335665,0.2873469443171254,0
2020,Gorontalo,0.30863363030896845,0.09019898097252212,0.3004509115681979,0.30071647715031163,0
2020,Jambi,0.19082505978155131,0.4204263971498849,0.1944345194005259,0.1943140236680379,1
2020,Jawa Barat,0.29208205097343715,0.12936597483043508,0.28922813730819,0.2893238368879377,0
2020,Jawa Tengah,0.3102468133769618,0.07948269349056426,0.3050476256416873,0.30522286749078664,0
2020,Jawa Timur,0.3055138467343949,0.09927201768097801,0.2974768744077043,0.29773726117692273,0
2020,Kalimantan Barat,0.3076873305247837,0.09018045698876918,0.30095559137547484,0.3011766211109723,0
2020,Kalimantan Selatan,0.304789352363671,0.1008455712525058,0.29705721013776354,0.2973078662460597,0
2020,Kalimantan Tengah,0.31229126055373174,0.07453118636716209,0.3064918248385531,0.30668572824055307,0
2020,Kalimantan Timur,0.3081410747728517,0.09236156100012663,0.2996104621486207,0.29988690207840096,0
2020,Kalimantan Utara,0.288020686833679,0.14147902606021195,0.28520335077755654,0.2852969363285526,0
2020,Kepulauan Bangka Belitung,0.27260051066308233,0.1793025474475445,0.27407187941927363,0.2740250624700995,2
2020,Kepulauan Riau,0.2821223716008537,0.15241666818529476,0.28273935724818866,0.2827216029656629,2
2020,Lampung,0.26513149004690656,0.19433449502948907,0.27035313988364595,0.27018087503995847,2
2020,Maluku,0.1820562129418848,0.4490176868784701,0.1845038684314658,0.1844222317481794,1
2020,Maluku Utara,0.2837662283715442,0.15080986703104932,0.28269348020511664,0.28273042439228985,0
2020,Nusa Tenggara Barat,0.2180340288091058,0.3414401126471405,0.22030048936171548,0.2202253691820381,1
2020,Nusa Tenggara Timur,0.17413994352281226,0.4654223129101955,0.18032334628817853,0.18011439727881373,1
2020,Papua,0.18818509812746603,0.43015338360725885,0.19087561474082615,0.190785903524449,1
2020,Papua Barat,0.24277634781863483,0.26989616800504557,0.2436785858249339,0.24364889835138573,1
2020,Riau,0.21254064688186006,0.35888866665821584,0.21431481550067707,0.21425587095924703,1
2020,Sulawesi Barat,0.2526417272020692,0.24038263148574474,0.25350174487869026,0.2534738964334959,2
2020,Sulawesi Selatan,0.31137448681059765,0.06985477116852996,0.30934771941714095,0.30942302260373145,0
2020,Sulawesi Tengah,0.28885510918070634,0.1394960706713618,0.285773341999601,0.2858754781483308,0
2020,Sulawesi Tenggara,0.3087883404788909,0.08446112232553317,0.3032837202650633,0.3034668169305127,0
2020,Sulawesi Utara,0.2566479440647119,0.2304646331851771,0.2564401834161423,0.2564472393339687,0
2020,Sumatera Barat,0.31520816246149563,0.07300573240919955,0.3057391198911304,0.3060469852381745,0
2020,Sumatera Selatan,0.30879187920536944,0.08883864443098964,0.301058506557497,0.30131096980614397,0
2020,Sumatera Utara,0.303810865311601,0.097389938397016,0.299324873020142,0.29947432327124096,0
2021,Aceh,0.15424505992125687,0.5319984753826672,0.15692304124169953,0.15683342345437645,1
2021,Bali,0.24405705514418274,0.2648969558627501,0.24554749051415073,0.24549849847891644,1
2021,Banten,0.26509210730768945,0.2052034889167929,0.26484776584711694,0.2648566379284007,0
2021,Bengkulu,0.2696106217497717,0.19180946723620468,0.2692842038459054,0.2692957071681183,0
2021,DKI Jakarta,0.263247695099652,0.2115269175110277,0.2626018567791389,0.2626235306101814,0
2021,Daerah Istimewa Yogyakarta,0.2741860165567495,0.18055302241538584,0.2726041906570958,0.2726567703707689,0
2021,Gorontalo,0.23329311652149998,0.2982518402634319,0.23424326730878026,0.23421177590628792,1
2021,Jambi,0.26594405922829756,0.20222242010354785,0.26591585049203476,0.2659176701761198,0
2021,Jawa Barat,0.2859282633027264,0.14612529810350358,0.28393958803815783,0.28400685055561214,0
2021,Jawa Tengah,0.30562189542979484,0.0890349599399057,0.3026193963730262,0.30272374825727316,0
2021,Jawa Timur,0.3080171562656454,0.09148726450490575,0.3001192071247468,0.300376372104702,0
2021,Kalimantan Barat,0.2996550700765486,0.11146148084282284,0.29435469350030374,0.2945287555803248,0
2021,Kalimantan Selatan,0.30876707265434267,0.09118578944559609,0.29987986544293715,0.300167272457124,0
2021,Kalimantan Tengah,0.25647822781619933,0.22198499677189334,0.26084032797564943,0.26069644743625797,2
2021,Kalimantan Timur,0.31757199116475526,0.07026316450862853,0.30589442434828124,0.306270419978335,0
2021,Kalimantan Utara,0.27926489640065655,0.16672170503568892,0.2769688091891693,0.2770445893744853,0
2021,Kepulauan Bangka Belitung,0.23931498128423984,0.2770888592668058,0.24183972630209982,0.24175643314685455,1
2021,Kepulauan Riau,0.23572176977234635,0.28917533761273456,0.23758208738140452,0.23752080523351451,1
2021,Lampung,0.2734658165944998,0.16684413265102466,0.2799518835643675,0.279738167190108,2
2021,Maluku,0.16487807069427207,0.5003415098772468,0.16743292592192555,0.16734749350655553,1
2021,Maluku Utara,0.2503246398016922,0.24623242154244795,0.25174471807315346,0.25169822058270647,2
2021,Nusa Tenggara Barat,0.23797343160042658,0.28095422162318834,0.24057906586670752,0.24049328090967761,1
2021,Nusa Tenggara Timur,0.230703449433732,0.3004020941696332,0.23451027359167334,0.23438418280496143,1
2021,Papua,0.22544024857559117,0.3110588217648778,0.2318580407813873,0.2316428888781437,1
2021,Papua Barat,0.2171827509117018,0.3453049740862868,0.21878270237534356,0.21872957262666787,1
2021,Riau,0.297246393114735,0.11799389529512386,0.2922986758995616,0.29246103569057963,0
2021,Sulawesi Barat,0.27747670715077344,0.16881317633585338,0.27684384768049336,0.2768662688328798,0
2021,Sulawesi Selatan,0.3051623256270759,0.08624923225048692,0.30427625903686184,0.3043121830855753,0
2021,Sulawesi Tengah,0.2177549132784598,0.34221331608198785,0.22005399854816432,0.21997777209138802,1
2021,Sulawesi Tenggara,0.2974737781718927,0.1150285703315232,0.2936858266568643,0.2938118248397198,0
2021,Sulawesi Utara,0.2913566127664115,0.12312322306739182,0.29278130913794187,0.2927388550282548,2
2021,Sumatera Barat,0.3086590144540644,0.08914453890632332,0.3009730329443813,0.301223413695231,0
2021,Sumatera Selatan,0.31819991620875493,0.06739389685810568,0.30702217928952885,0.30738400764361057,0
2021,Sumatera Utara,0.17934131734296951,0.4557114988509406,0.18252677281620958,0.18242041098988035,1
2022,Aceh,0.14091012905509964,0.5693185928440241,0.14495378392369196,0.1448174941771843,1
2022,Bali,0.2516857250800987,0.24298224373832658,0.25268228782502394,0.2526497433565507,2
2022,Banten,0.2667456033762806,0.2001077317269477,0.26656993384301053,0.26657673105376106,0
2022,Bengkulu,0.2841536948934564,0.15314027814941106,0.28130602846359576,0.2813999984935368,0
2022,DKI Jakarta,0.2609973349099982,0.214792021904249,0.26212349040286576,0.262087152782887,2
2022,Daerah Istimewa Yogyakarta,0.2914566350530972,0.13303910415152698,0.28769002231549784,0.2878142384798779,0
2022,Gorontalo,0.23125213678548595,0.30018289100338247,0.2343335365981796,0.2342314356129519,1
2022,Jambi,0.25600794968169827,0.226503089033316,0.25879010780267037,0.25869885348231547,2
2022,Jawa Barat,0.2782923758590723,0.1665784650185471,0.2775514682127509,0.27757769090962975,0
2022,Jawa Tengah,0.3049877132736323,0.08977392210905484,0.3025763483952422,0.3026620162220706,0
2022,Jawa Timur,0.3118949716392196,0.081461016604278,0.30318000489646973,0.30346400686003266,0
2022,Kalimantan Barat,0.28645481400407047,0.14176113999285928,0.28588135192936265,0.2859026940737076,0
2022,Kalimantan Selatan,0.3110631151211761,0.08436269006977364,0.3021423804910387,0.3024318143180115,0
2022,Kalimantan Tengah,0.2598715873717374,0.21240741996607623,0.26392722538045227,0.2637937672817342,2
2022,Kalimantan Timur,0.31019569994924023,0.08765181505345013,0.3009264252905534,0.30122605970675614,0
2022,Kalimantan Utara,0.27927052178930445,0.1667060649279193,0.27697380617042505,0.27704960711235116,0
2022,Kepulauan Bangka Belitung,0.2786012416698425,0.16184515225723325,0.2797954729320956,0.27975813314082865,2
2022,Kepulauan Riau,0.25753219290760715,0.22626308456491004,0.2581116300487825,0.25809309247870027,2
2022,Lampung,0.30711186754952297,0.09355046535963475,0.2995456543128081,0.29979201277803413,0
2022,Maluku,0.2931568159238742,0.1256929916067345,0.29053115746091274,0.29061903500847863,0
2022,Maluku Utara,0.22358032474407283,0.32637053830647655,0.225048909351443,0.22500022759800758,1
2022,Nusa Tenggara Barat,0.22800581769491884,0.30946585152271866,0.23131896075703123,0.23120937002533123,1
2022,Nusa Tenggara Timur,0.18994617697457455,0.42239068270595126,0.19389764803727358,0.19376549228220066,1
2022,Papua,0.2194094317682913,0.3388409889024206,0.22089953392900227,0.22085004540028585,1
2022,Papua Barat,0.2187074566261446,0.3409597162651104,0.22019106047731543,0.2201417666314296,1
2022,Papua Barat Daya,0.16049594173500958,0.5132813111841074,0.1631558479410983,0.16306689913978467,1
2022,Papua Pegunungan,0.22344109772692525,0.32719985926229844,0.22470044246911403,0.2246586005416622,1
2022,Papua Selatan,0.2466250392948378,0.25505200946163825,0.24920395233767415,0.24911899890584976,1
2022,Papua Tengah,0.24309038022794902,0.26876176473754904,0.24409040204665206,0.2440574529878499,1
2022,Riau,0.2552760035333083,0.22700743351007102,0.2589181487212027,0.25879841423541794,2
2022,Sulawesi Barat,0.27747670715077344,0.16881317633585338,0.27684384768049336,0.2768662688328798,0
2022,Sulawesi Selatan,0.3130992868469095,0.07251043515409199,0.3070947018740101,0.3072955761249884,0
2022,Sulawesi Tengah,0.1869619588803763,0.43240417514447826,0.19037388658066945,0.19025997939447603,1
2022,Sulawesi Tenggara,0.30462837034510304,0.09583160212608456,0.29968798209495495,0.29985204543385746,0
2022,Sulawesi Utara,0.28972106721093116,0.12762795795747403,0.29135041420823315,0.2913005606233616,2
2022,Sumatera Barat,0.3153445614979805,0.07400700502688211,0.30515940188499147,0.3054890315901459,0
2022,Sumatera Selatan,0.3146105166972527,0.07672048889887362,0.30416584417126385,0.3045031502326097,0
2022,Sumatera Utara,0.2748994135855533,0.16715208596213052,0.2790416345312822,0.278906865921034,2
2023,Aceh,0.12019336422530683,0.632864344152819,0.12352732905677145,0.12341496256510252,1
2023,Bali,0.2565652408795168,0.22874521441107562,0.25735760909162547,0.25733193561778217,2
2023,Banten,0.26899939585927113,0.19479938816511613,0.26808521029263216,0.2681160056829806,0
2023,Bengkulu,0.2978991042172581,0.11773388557981396,0.2920887000092201,0.2922783101937078,0
2023,DKI Jakarta,0.263250562460367,0.21151865884444676,0.2626045495177913,0.26262622917739503,0
2023,Daerah Istimewa Yogyakarta,0.28077701919664466,0.1619109964177376,0.27862012262905683,0.2786918617565609,0
2023,Gorontalo,0.23203869603397181,0.2996092169278322,0.23421195626113545,0.23414013077706056,1
2023,Jambi,0.2840404115121941,0.15093898118859592,0.2824838784403764,0.2825367288588335,0
2023,Jawa Barat,0.2760962561778499,0.17322719708728815,0.275324799404217,0.27535174733064494,0
2023,Jawa Tengah,0.30566415487364035,0.0865391870476784,0.3038650613183903,0.30393159676029097,0
2023,Jawa Timur,0.3128288702879346,0.08035805946756568,0.3032512419044411,0.3035618283400587,0
2023,Kalimantan Barat,0.2866165200807961,0.14332644313818554,0.28500110515010224,0.2850559316309161,0
2023,Kalimantan Selatan,0.3071347620396702,0.09509695321363978,0.2987483342595657,0.2990199504871243,0
2023,Kalimantan Tengah,0.2915537669328197,0.11078840225591914,0.29894984248179435,0.2987079883294669,2
2023,Kalimantan Timur,0.307769578845652,0.09353350153722613,0.29920988705699914,0.29948703256012277,0
2023,Kalimantan Utara,0.27911468600762857,0.1666612996897053,0.2770782341540765,0.27714578014858965,0
2023,Kepulauan Bangka Belitung,0.2887755977950888,0.11888234166265066,0.2962940666162084,0.29604799392605213,2
2023,Kepulauan Riau,0.3007305768566243,0.10032677314393501,0.299447544925543,0.2994951050738977,0
2023,Lampung,0.3152549327085517,0.0699730656566193,0.30725426163998076,0.3075177399948482,0
2023,Maluku,0.2417002522299682,0.27049665274897206,0.2439383896578286,0.24386470536323118,1
2023,Maluku Utara,0.2829540105307575,0.15070049864133547,0.28317527339503357,0.2831702174328734,2
2023,Nusa Tenggara Barat,0.2589520402981189,0.22091515089167296,0.2600845227222462,0.26004828608796193,2
2023,Nusa Tenggara Timur,0.07886863371579692,0.759085803223013,0.0810597315828547,0.08098583147833542,1
2023,Papua,0.18547114447301624,0.4388874557104076,0.18786054224909593,0.18778085756748025,1
2023,Papua Barat,0.19981982115623076,0.396682763418248,0.20178136339198946,0.20171605203353177,1
2023,Papua Barat Daya,0.19010071398309286,0.425244476448973,0.19236515647783964,0.1922896530900945,1
2023,Papua Pegunungan,0.22344109772692525,0.32719985926229844,0.22470044246911403,0.2246586005416622,1
2023,Papua Selatan,0.21005046250965895,0.36614336698814354,0.21193441378719108,0.21187175671500644,1
2023,Papua Tengah,0.24309038022794902,0.26876176473754904,0.24409040204665206,0.2440574529878499,1
2023,Riau,0.21016323000990245,0.3620377584701092,0.21396284660021822,0.21383616491977014,1
2023,Sulawesi Barat,0.27747670715077344,0.16881317633585333,0.2768438476804934,0.2768662688328798,0
2023,Sulawesi Selatan,0.31704852069250394,0.055377265852373084,0.3137268816543693,0.3138473318007537,0
2023,Sulawesi Tengah,0.22405270290333992,0.3232815573336739,0.22637123204841642,0.22629450771456983,1
2023,Sulawesi Tenggara,0.30697756241639756,0.08743424463109978,0.30272256417329463,0.3028656287792081,0
2023,Sulawesi Utara,0.2735924277604542,0.17413242595766923,0.2761792855272089,0.27609586075466774,2
2023,Sumatera Barat,0.3175071285830389,0.06907592706250072,0.30653100478982764,0.30688593956463267,0
2023,Sumatera Selatan,0.30336454472043395,0.1019231693149742,0.29725604845827175,0.29745623750632,0
2023,Sumatera Utara,0.19973689381587129,0.3936217271404452,0.20338149199729608,0.20325988704638745,1
2024,Aceh,0.1310233404511868,0.6005986628923067,0.13424312094306626,0.1341348757134403,1
2024,Bali,0.25608170172659,0.22997610125542053,0.25698575295756587,0.2569564440604236,2
2024,Banten,0.2717009592150765,0.18716479284863283,0.27054777734186053,0.2705864705944301,0
2024,Bengkulu,0.29466059601195843,0.1265324550101803,0.28931635739938605,0.2894905915784752,0
2024,DKI Jakarta,0.26313463528273684,0.2118525828269396,0.26249566871765684,0.2625171131726667,0
2024,Daerah Istimewa Yogyakarta,0.28141729517050734,0.15977758110595072,0.27936833246204995,0.27943679126149196,0
2024,Gorontalo,0.21431504657926398,0.35261511428629944,0.21657242183873424,0.2164974172957025,1
2024,Jambi,0.3093790732537959,0.08300917746594967,0.3037113607689951,0.3039003885112594,0
2024,Jawa Barat,0.2891578161381102,0.136087425115623,0.28734631489221507,0.2874084438540518,0
2024,Jawa Tengah,0.30531074929349833,0.08966059620293963,0.30246468728488907,0.30256396721867307,0
2024,Jawa Timur,0.31981369505309704,0.06283709601974286,0.30849089455338174,0.3088583143737783,0
2024,Kalimantan Barat,0.28433577875153265,0.15064109345961427,0.2824804402574107,0.28254268753144235,0
2024,Kalimantan Selatan,0.3035856981098916,0.10199281562283498,0.29710484735885156,0.2973166389084218,0
2024,Kalimantan Tengah,0.2580877838416432,0.2164102307071813,0.262829159507877,0.2626728259432986,2
2024,Kalimantan Timur,0.3163475175926152,0.07236697241879697,0.3054670243040642,0.30581848568452363,0
2024,Kalimantan Utara,0.2795626839827335,0.16539322029741887,0.27748762966934953,0.27755646605049816,0
2024,Kepulauan Bangka Belitung,0.25100130796573905,0.24414753601671188,0.25244928644797765,0.25240186956957145,2
2024,Kepulauan Riau,0.30349295313203706,0.09942634019809429,0.298456827282785,0.2986238793870836,0
2024,Lampung,0.28856008818149653,0.13492479698126547,0.2882510910802088,0.2882640237570292,0
2024,Maluku,0.20505486130741893,0.38110143812457664,0.20695345941031032,0.20689024115769414,1
2024,Maluku Utara,0.2829540105307575,0.15070049864133547,0.2831752733950337,0.28317021743287335,2
2024,Nusa Tenggara Barat,0.19567214399836455,0.4042699142336447,0.2001030389973015,0.19995490277068922,1
2024,Nusa Tenggara Timur,0.12194767476797679,0.6289306960272211,0.12460544316574776,0.12451618603905443,1
2024,Papua,0.21004176214544432,0.3641790853345195,0.2129377045468599,0.2128414479731763,1
2024,Papua Barat,0.22488342531029434,0.3225181592106385,0.22632306401977845,0.22627535145928876,1
2024,Papua Barat Daya,0.16049594173500958,0.5132813111841074,0.1631558479410983,0.16306689913978467,1
2024,Papua Pegunungan,0.22344109772692525,0.32719985926229844,0.22470044246911403,0.2246586005416622,1
2024,Papua Selatan,0.22424192658501985,0.32380752308998934,0.2260045008268463,0.2259460494981445,1
2024,Papua Tengah,0.24309038022794902,0.26876176473754904,0.24409040204665206,0.2440574529878499,1
2024,Riau,0.27005346924624785,0.18958897699395316,0.27018033880251074,0.2701772149572882,2
2024,Sulawesi Barat,0.2956176369223865,0.10993715043021089,0.2972465994291543,0.2971986132182483,2
2024,Sulawesi Selatan,0.3185580992317254,0.05144791316067317,0.3149312208688712,0.3150627667387302,0
2024,Sulawesi Tengah,0.1879901032232576,0.430643181802004,0.1907290206458382,0.19063769432890018,1
2024,Sulawesi Tenggara,0.29092614351751034,0.13206269005253068,0.28846425928276137,0.28854690714719755,0
2024,Sulawesi Utara,0.2488502568565751,0.24666121502841512,0.25230115613747967,0.2521873719775302,2
2024,Sumatera Barat,0.3068067560280259,0.08868257106849926,0.3021778768070412,0.30233279609643365,0
2024,Sumatera Selatan,0.2736165286834735,0.16777269667616188,0.2794005914720242,0.2792101831683404,2
2024,Sumatera Utara,0.2851440801485081,0.14423632905268668,0.28531133035661815,0.28530826044218704,2
2025,Aceh,0.19269352277762467,0.41259793808049333,0.1974337659194556,0.19727477322242645,1
2025,Bali,0.25222200905910064,0.24122491434449744,0.2532940320449008,0.2532590445515011,2
2025,Banten,0.23984525270171916,0.27872711167897707,0.24072834759786127,0.24069928802144253,1
2025,Bengkulu,0.2507097669709916,0.24621741687144313,0.25155008147637314,0.2515227346811922,2
2025,DKI Jakarta,0.2623421296975117,0.214136816546154,0.26175059655923505,0.2617704571970993,0
2025,Daerah Istimewa Yogyakarta,0.2836516126414993,0.15336117773303642,0.281456978423767,0.2815302312016973,0
2025,Gorontalo,0.2505811421227135,0.24343334573348274,0.2530330701971193,0.2529524419466844,2
2025,Jambi,0.2802384211656218,0.15129087361402593,0.2843011410121772,0.28416956420817513,2
2025,Jawa Barat,0.2890816947460955,0.13586997575665075,0.2874967748309628,0.2875515546662909,0
2025,Jawa Tengah,0.28937109511872816,0.13936877801216868,0.2855674615809064,0.2856926652881967,0
2025,Jawa Timur,0.31668334634744494,0.07249338984632517,0.30522720485950994,0.30559605894672,0
2025,Kalimantan Barat,0.2801237317596418,0.16004454071525773,0.2799113908543919,0.2799203366707086,0
2025,Kalimantan Selatan,0.3170212256881384,0.0698623541212288,0.30638598544893497,0.30673043474169776,0
2025,Kalimantan Tengah,0.30813347123265394,0.0746605866237178,0.3086056943040083,0.3086002478396199,2
2025,Kalimantan Timur,0.31883067554356403,0.06720521901298904,0.30678827281702187,0.30717583262642506,0
2025,Kalimantan Utara,0.28785306358953416,0.14319678246911707,0.284418572224941,0.2845315817164078,0
2025,Kepulauan Bangka Belitung,0.29247456053852194,0.1302634739489089,0.2885666577531624,0.2886953077594068,0
2025,Kepulauan Riau,0.2881162425540302,0.1373148964598054,0.287269371229987,0.2872994897561774,0
2025,Lampung,0.2607135205599922,0.21844931695286185,0.2604134334966051,0.2604237289905408,0
2025,Maluku,0.13689819549800858,0.5840490631963543,0.13957113720295927,0.1394816041026779,1
2025,Maluku Utara,0.2829540105307575,0.15070049864133547,0.2831752733950337,0.28317021743287335,2
2025,Nusa Tenggara Barat,0.23804102040587163,0.28025145642366583,0.24090087000681917,0.24080665316364339,1
2025,Nusa Tenggara Timur,0.11325228905478187,0.6531910519086704,0.11683892357139683,0.11671773546515089,1
2025,Papua,0.16779557051703511,0.49054622580786233,0.17088069198773223,0.17077751168737018,1
2025,Papua Barat,0.22544202162402063,0.3208935344743967,0.22685564850432666,0.226808795397256,1
2025,Papua Barat Daya,0.27671420118387247,0.1725749609304907,0.2753321907243667,0.27537864716127014,0
2025,Papua Pegunungan,0.22344109772692525,0.32719985926229844,0.22470044246911403,0.2246586005416622,1
2025,Papua Selatan,0.21645276535602667,0.34568744669047813,0.21897173043329257,0.21888805752020263,1
2025,Papua Tengah,0.24309038022794902,0.26876176473754904,0.24409040204665206,0.2440574529878499,1
2025,Riau,0.286147307869071,0.1449243714761159,0.2844351295707545,0.28449319108405857,0
2025,Sulawesi Barat,0.27747670715077344,0.16881317633585333,0.2768438476804934,0.2768662688328798,0
2025,Sulawesi Selatan,0.31126157357017276,0.053480195204681356,0.3177289201346496,0.3175293110904963,2
2025,Sulawesi Tengah,0.22649440659010014,0.31721612604134786,0.22817254822227517,0.22811691914627685,1
2025,Sulawesi Tenggara,0.28731473486376524,0.14180681082640853,0.28540702667852597,0.28547142763130023,0
2025,Sulawesi Utara,0.2856776042586962,0.14251717978101153,0.2859050243625596,0.28590019159773267,2
2025,Sumatera Barat,0.3041480781664421,0.09866669320874645,0.2984996616734595,0.29868556695135196,0
2025,Sumatera Selatan,0.2790313224298991,0.1665422091726681,0.2771825632037296,0.2772439051937031,0
2025,Sumatera Utara,0.296680185605893,0.11311010613705118,0.2950767790982384,0.2951329291588174,0
