Tahun,Provinsi,u_cluster_0,u_cluster_1,u_cluster_2,u_cluster_3,label
2019,Aceh,0.1866452271972609,0.19027032942277164,0.1902818111748075,0.43280263220515997,3
2019,Bali,0.2488590956438368,0.25121464162725754,0.251221893360498,0.24870436936840765,2
2019,Banten,0.2540255070858121,0.2543233436585223,0.2543241846436861,0.2373269646119794,2
2019,Bengkulu,0.2592960917587212,0.26076218433857956,0.2607665949158705,0.21917512898682873,2
2019,DKI Jakarta,0.25690503051391916,0.2567216836241652,0.2567210584110186,0.22965222745089706,0
2019,Daerah Istimewa Yogyakarta,0.28761741125985896,0.2824141634786439,0.2823980022158223,0.14757042304567483,0
2019,Gorontalo,0.28692043797295713,0.28764229035961153,0.2876439271597151,0.13779334450771624,2
2019,Jambi,0.22395318080922277,0.22873380846908517,0.2287487946470629,0.31856421607462915,3
2019,Jawa Barat,0.2694264789762457,0.2684874007370887,0.2684842783635972,0.19360184192306848,0
2019,Jawa Tengah,0.31020721615980223,0.29761421917673303,0.2975759882026832,0.09460257646078145,0
2019,Jawa Timur,0.3113396357047608,0.2978292513593715,0.2977884632102657,0.093042649725602,0
2019,Kalimantan Barat,0.28813289157984884,0.2894597839339491,0.28946307247422887,0.13294425201197319,2
2019,Kalimantan Selatan,0.3086449379226734,0.2963847820273162,0.2963476729814053,0.09862260706860519,0
2019,Kalimantan Tengah,0.3162159435296052,0.303683256461379,0.3036446524944936,0.07645614751452215,0
2019,Kalimantan Timur,0.31105488028141687,0.2995161553232422,0.2994807580827712,0.08994820631256976,0
2019,Kalimantan Utara,0.2891223624571147,0.28423800844227354,0.2842227865185792,0.14241684258203252,0
2019,Kepulauan Bangka Belitung,0.20946572673550018,0.2127432260925895,0.2127535533588811,0.3650374938130292,3
2019,Kepulauan Riau,0.2799616626173048,0.2878373697171295,0.2878613832279103,0.14433958443765552,2
2019,Lampung,0.26718165378894215,0.2670207824862015,0.2670200836254477,0.19877748009940863,0
2019,Maluku,0.26529996369453107,0.2738994077794767,0.2739262306149194,0.18687439791107277,2
2019,Maluku Utara,0.2632627637546747,0.2646818754869674,0.2646860741386726,0.20736928661968532,2
2019,Nusa Tenggara Barat,0.2707384402126145,0.26992776814240776,0.269925043467385,0.18940874817759273,0
2019,Nusa Tenggara Timur,0.10674035738182543,0.11153472501531339,0.1115501997827508,0.6701747178201103,3
2019,Papua,0.2323410679554086,0.23453724741036863,0.23454410299448655,0.2985775816397362,3
2019,Papua Barat,0.24222285174870106,0.2434254495263437,0.2434291885791646,0.2709225101457907,3
2019,Riau,0.2384935456276491,0.24158222312531344,0.2415917930307294,0.278332438216308,3
2019,Sulawesi Barat,0.28172077191006706,0.27790332673957757,0.2778914096352758,0.16248449171507945,0
2019,Sulawesi Selatan,0.3159000876831919,0.3102269264846845,0.3102073871714822,0.06366559866064142,0
2019,Sulawesi Tengah,0.21327192201324593,0.21848613999692065,0.21850259756717755,0.34973934042265586,3
2019,Sulawesi Tenggara,0.271980631965778,0.2735053718537339,0.27350979088303873,0.18100420529744937,2
2019,Sulawesi Utara,0.28357264661789855,0.2818442494427849,0.2818385023154312,0.1527446016238853,0
2019,Sumatera Barat,0.3134179695351618,0.30143430923276177,0.30139754563469195,0.08375017559738446,0
2019,Sumatera Selatan,0.2792496981540156,0.27655125584072543,0.2765426965961074,0.16765634940915156,0
2019,Sumatera Utara,0.2602135871330458,0.2643595778809182,0.26437227799503105,0.21105455699100503,2
2020,Aceh,0.20759771299715382,0.2103633850729759,0.2103721186489655,0.37166678328090474,3
2020,Bali,0.24044697947174618,0.24239867697078918,0.2424047446308752,0.27474959892658946,3
2020,Banten,0.25804327933462745,0.25792017707216186,0.2579196988789423,0.22611684471426843,0
2020,Bengkulu,0.3101138271508844,0.2992945996004475,0.2992613609818812,0.09133021226678685,0
2020,DKI Jakarta,0.2586903491979105,0.25825073280229816,0.2582492974937075,0.22480962050608386,0
2020,Daerah Istimewa Yogyakarta,0.29358947599258506,0.28642257243771346,0.28640054393721587,0.1335874076324857,0
2020,Gorontalo,0.3116439991682633,0.2990979756873599,0.2990598988020288,0.090198126342348,0
2020,Jambi,0.1895258372812755,0.1950281362587367,0.19504559982219163,0.42040042663779614,3
2020,Jawa Barat,0.29310894329761317,0.28876275573669424,0.28874886375872677,0.1293794372069658,0
2020,Jawa Tengah,0.31211368857250826,0.3042061577364222,0.304180676026556,0.07949947766451353,0
2020,Jawa Timur,0.30847444137850244,0.296147242920071,0.2961099324751843,0.09926838322624229,0
2020,Kalimantan Barat,0.3101449028209683,0.2998491741320639,0.29981734453079883,0.09018857851616906,0
2020,Kalimantan Selatan,0.3076362080981462,0.29577810257756004,0.29574217878499975,0.10084351053929401,0
2020,Kalimantan Tengah,0.31438413579325264,0.3055485468445707,0.3055204350401178,0.07454688232205886,0
2020,Kalimantan Timur,0.31128279541814596,0.2981992964539874,0.29815968327007636,0.09235822485779031,0
2020,Kalimantan Utara,0.2890407579145319,0.2847416640177731,0.28472812621598653,0.1414894518517084,0
2020,Kepulauan Bangka Belitung,0.27204872095438104,0.2743129234056927,0.2743195817629636,0.17931877387696263,2
2020,Kepulauan Riau,0.28187576813539866,0.2828428390660559,0.2828452566486161,0.15243613614992926,2
2020,Lampung,0.26322540299515934,0.27120279150228804,0.27122764019831735,0.19434416530423526,2
2020,Maluku,0.18117981821977033,0.1849120129531895,0.184923841460965,0.4489843273660753,3
2020,Maluku Utara,0.2841429373992843,0.2825183688474609,0.2825129530634378,0.15082574068981694,0
2020,Nusa Tenggara Barat,0.2172128304456391,0.220672944544376,0.22068380227217368,0.3414304227378112,3
2020,Nusa Tenggara Timur,0.17192790959592574,0.18132993451104673,0.18136035458414332,0.46538180130888424,3
2020,Papua,0.1872193379196269,0.19132198035264175,0.1913349770399097,0.4301237046878216,3
2020,Papua Barat,0.2424471409958918,0.24382658518279907,0.24383086424063782,0.2698954095806714,3
2020,Riau,0.21190151481423314,0.21460886907644877,0.21461739696861273,0.3588722191407054,3
2020,Sulawesi Barat,0.2523230849222827,0.25364218201267813,0.25364617106832454,0.24038856199671466,2
2020,Sulawesi Selatan,0.3120545088261388,0.3090381634399623,0.30902683771467326,0.06988049001922567,0
2020,Sulawesi Tengah,0.28997220949984687,0.2852675828080635,0.28525282136173047,0.13950738633035925,0
2020,Sulawesi Tenggara,0.3107813192207937,0.302385137489623,0.30235864156384196,0.08447490172574137,0
2020,Sulawesi Utara,0.25672126793949795,0.2564056909840131,0.2564046618312219,0.23046837924526709,0
2020,Sumatera Barat,0.31868711925243143,0.304175323105906,0.3041311540802805,0.07300640356138205,0
2020,Sumatera Selatan,0.31162665403364126,0.2997843162620557,0.2997480375255924,0.08884099217871053,0
2020,Sumatera Utara,0.3054331413097148,0.29859253159798915,0.2985708907203847,0.09740343637191137,0
2021,Aceh,0.1532927500912594,0.15737348606925985,0.15738648776396696,0.5319472760755137,3
2021,Bali,0.2435119384910858,0.24579106661599687,0.2457981251718484,0.2648988697210689,3
2021,Banten,0.2651735743456083,0.2648078194529315,0.2648064946413511,0.20521211156010913,0
2021,Bengkulu,0.26972188321568075,0.2692299115503325,0.26922821103951405,0.19181999419447276,0
2021,DKI Jakarta,0.2634789787898621,0.26249556115232503,0.26249241388335376,0.21153304617445914,0
2021,Daerah Istimewa Yogyakarta,0.274757518288566,0.2723440900738514,0.2723364822005919,0.18056190943699071,0
2021,Gorontalo,0.2329494853325611,0.23440011344309855,0.23440466532395154,0.2982457359003888,3
2021,Jambi,0.2659460340730217,0.26591122102242554,0.26591090921316907,0.2022318356913837,0
2021,Jawa Barat,0.286638909765344,0.28361585845997284,0.2836060633615778,0.1461391684131053,0
2021,Jawa Tengah,0.3066777758355153,0.3021408990073084,0.30212555539180985,0.0890557697653664,0
2021,Jawa Timur,0.3109171246701074,0.29881605849647536,0.2987791402738153,0.09148767655960202,0
2021,Kalimantan Barat,0.3015901423479319,0.29348321844138214,0.29345814888633964,0.11146849032434619,0
2021,Kalimantan Selatan,0.3120443713140119,0.29840803497228624,0.2983668820509341,0.09118071166276778,0
2021,Kalimantan Tengah,0.254885304551105,0.2615501540330105,0.2615709081441824,0.22199363327170216,2
2021,Kalimantan Timur,0.321888397268854,0.303955514914141,0.3039017712183958,0.07025431659860923,0
2021,Kalimantan Utara,0.2800995714094482,0.27659114142809305,0.2765802057933946,0.16672908136906425,0
2021,Kepulauan Bangka Belitung,0.2383931385394294,0.24225097975246024,0.24226299673740506,0.27709288497070533,3
2021,Kepulauan Riau,0.23504334104631347,0.2378869238097699,0.2378957606324309,0.2891739745114858,3
2021,Lampung,0.27109718617953205,0.2810078784716392,0.28103868907549,0.16685624627333884,2
2021,Maluku,0.1639684199824385,0.1678621084660535,0.16787449929446496,0.500294972257043,3
2021,Maluku Utara,0.2498027759217796,0.25197600065556397,0.25198268965360676,0.24623853376904975,2
2021,Nusa Tenggara Barat,0.23702093984021733,0.2410040358246503,0.24101640256547296,0.2809586217696594,3
2021,Nusa Tenggara Timur,0.22931935782237034,0.2351313738803427,0.23514959260601107,0.3003996756912759,3
2021,Papua,0.22312560805397538,0.2328992807461965,0.23293050836491855,0.31104460283490953,3
2021,Papua Barat,0.21660567500857697,0.2190474292587401,0.2190551144307665,0.34529178130191646,3
2021,Riau,0.29905294887235334,0.29148431728029867,0.29146093996196976,0.11800179388537822,0
2021,Sulawesi Barat,0.2776934898471505,0.27674100197950563,0.27673768219687533,0.16882782597646856,0
2021,Sulawesi Selatan,0.3054373005365495,0.30414661022975054,0.3041410592368311,0.08627502999686891,0
2021,Sulawesi Tengah,0.2169222713016191,0.2204319848822825,0.22044300395801328,0.3422027398580851,3
2021,Sulawesi Tenggara,0.29884447756219423,0.2930662539605749,0.2930480192315282,0.1150412492457028,0
2021,Sulawesi Utara,0.29080214015112127,0.29302139900133123,0.2930272717409041,0.12314918910664338,2
2021,Sumatera Barat,0.3114796391961945,0.29970463933375296,0.29966868904033367,0.08914703242971883,0
2021,Sumatera Selatan,0.3223172971517093,0.3051720118204637,0.30512019012362873,0.06739050090419825,0
2021,Sumatera Utara,0.1781978086509637,0.18305371790436595,0.18306913469050248,0.45567933875416783,3
2022,Aceh,0.1394673661309474,0.14561968223709823,0.1456395067836191,0.5692734448483353,3
2022,Bali,0.25131889772885263,0.252844783157843,0.2528494600809057,0.24298685903239872,2
2022,Banten,0.2668004752977206,0.2665414565598114,0.26654042062254524,0.20011764751992278,0
2022,Bengkulu,0.28518909786431546,0.2808377654875836,0.28082420585732204,0.15314893079077885,0
2022,DKI Jakarta,0.2605786787337535,0.2623070273895477,0.2623122246810206,0.2148020691956781,2
2022,Daerah Istimewa Yogyakarta,0.2928273836510887,0.28707127014278705,0.28705335085931977,0.13304799534680442,0
2022,Gorontalo,0.23013218340560726,0.23483644572206086,0.2348512007002947,0.30018017017203724,3
2022,Jambi,0.25498746691635343,0.2592433473568134,0.2592564827012589,0.22651270302557427,2
2022,Jawa Barat,0.27854695552363257,0.27743169914945537,0.277427818185905,0.16659352714100703,0
2022,Jawa Tengah,0.30582267806878555,0.30219673024733756,0.3021840371020981,0.08979655458177871,0
2022,Jawa Timur,0.3150931505988556,0.3017430102239179,0.30170222791407747,0.08146161126314902,0
2022,Kalimantan Barat,0.2866428497175003,0.2857895556260992,0.28578634344674825,0.14178125120965226,0
2022,Kalimantan Selatan,0.31434506855649136,0.3006672920620384,0.30062579937866596,0.08436184000280429,0
2022,Kalimantan Tengah,0.2583877066771874,0.26458722309085375,0.264606456335625,0.21241861389633376,2
2022,Kalimantan Timur,0.31361451632570175,0.29939089198477165,0.29934799595566475,0.08764659573386187,0
2022,Kalimantan Utara,0.28010542546216366,0.2765960355138049,0.27658509688314403,0.16671344214088743,0
2022,Kepulauan Bangka Belitung,0.2781473899485079,0.2799912268227402,0.27999649933270965,0.1618648838960423,2
2022,Kepulauan Riau,0.2573150133194804,0.25820588665848043,0.2582085293777125,0.22627057064432662,2
2022,Lampung,0.3098897984383106,0.2982969028522287,0.298261536109684,0.09355176259977671,0
2022,Maluku,0.2941019304332188,0.29010167190118163,0.290088924148317,0.12570747351728248,0
2022,Maluku Utara,0.22304943062658858,0.22529148531826426,0.22529852233315464,0.32636056172199257,3
2022,Nusa Tenggara Barat,0.2267999097795962,0.23185966850595188,0.2318754952492184,0.3094649264652335,3
2022,Nusa Tenggara Timur,0.18852427059259108,0.19454560375281388,0.19456477028604022,0.4223653553685548,3
2022,Papua,0.21887240606838343,0.22114644608585007,0.2211536048924874,0.33882754295327916,3
2022,Papua Barat,0.21817296679500345,0.22043689814261394,0.22044402996889587,0.3409461050934867,3
2022,Papua Barat Daya,0.1595486406697078,0.16360239696743983,0.1636152980028564,0.5132336643599961,3
2022,Papua Pegunungan,0.22298733003512597,0.22490906700367927,0.22491512068148262,0.3271884822797121,3
2022,Papua Selatan,0.24568266396797317,0.2496243805914401,0.24963662982819115,0.25505632561239555,3
2022,Papua Tengah,0.24272560278764968,0.24425410547444965,0.24425885699671904,0.2687614347411816,3
2022,Riau,0.2539419510665972,0.2595107120755986,0.2595279618071698,0.22701937505063435,2
2022,Sulawesi Barat,0.2776934898471505,0.27674100197950563,0.27673768219687533,0.16882782597646856,0
2022,Sulawesi Selatan,0.31526556661617405,0.3061186191674474,0.306089491113439,0.0725263231029394,0
2022,Sulawesi Tengah,0.18573448955391056,0.1909356697872319,0.19095217895076663,0.43237766170809094,3
2022,Sulawesi Tenggara,0.30641880258716453,0.2988803367999894,0.298856608476736,0.0958442521361101,0
2022,Sulawesi Utara,0.28909604700813063,0.29162181530194514,0.2916287909315264,0.12765334675839787,2
2022,Sumatera Barat,0.3190974205549018,0.30347301415888556,0.30342580498709704,0.07400376029911564,0
2022,Sumatera Selatan,0.318464332758938,0.3024345528135638,0.30238628337668516,0.07671483105081316,0
2022,Sumatera Utara,0.2733734267409269,0.27971919833637504,0.27973853345955185,0.16716884146314615,2
2023,Aceh,0.11900843104999863,0.12408125627893814,0.12409760161340899,0.6328127110576542,3
2023,Bali,0.25627137508524894,0.2574864788437498,0.2574901569318253,0.228751989139176,2
2023,Banten,0.2693262575465975,0.26793529395399523,0.26793081576381617,0.19480763273559112,0
2023,Bengkulu,0.300029544324219,0.2911306744449508,0.29110343031573976,0.1177363509150904,0
2023,DKI Jakarta,0.26348190907386826,0.2624982252408797,0.2624950771272485,0.21152478855800358,0
2023,Daerah Istimewa Yogyakarta,0.28155679611248285,0.27826639797809555,0.27825601552948376,0.16192079037993792,0
2023,Gorontalo,0.23124771779746695,0.23456739638211288,0.23457776633513003,0.2996071194852901,3
2023,Jambi,0.2845945017321528,0.2822301431882918,0.28222243537585107,0.15095291970370425,0
2023,Jawa Barat,0.27636417599957597,0.2751995375912005,0.2751955674336068,0.17324071897561674,0
2023,Jawa Tengah,0.3062689188868116,0.30358850681241467,0.3035785150410266,0.08656405925974708,0
2023,Jawa Timur,0.3163543885445571,0.3016676929555655,0.3016231762295004,0.08035474227037691,0
2023,Kalimantan Barat,0.28719099577961643,0.28473717229474643,0.2847291781752573,0.14334265375037983,0
2023,Kalimantan Selatan,0.3102242842253425,0.29736044406651163,0.2973215304243914,0.09509374128375442,0
2023,Kalimantan Tengah,0.2888424911146683,0.30015890929478467,0.30019366718288715,0.11080493240765987,2
2023,Kalimantan Timur,0.31092385576456544,0.2977932721720977,0.29775357037782624,0.09352930168551056,0
2023,Kalimantan Utara,0.2798517871107384,0.2767433756080469,0.2767336101989466,0.16667122708226814,0
2023,Kepulauan Bangka Belitung,0.2860207851237771,0.2975227077116672,0.2975580848273896,0.11889842233716601,2
2023,Kepulauan Riau,0.3011587282285125,0.2992482010239007,0.29924105331942125,0.10035201742816562,0
2023,Lampung,0.3181706415411092,0.3059426494077026,0.30590466682184847,0.06998204222933974,0
2023,Maluku,0.24088216973796545,0.24430354006142357,0.24431416236726175,0.2705001278333493,3
2023,Maluku Utara,0.2828539038281772,0.2832129705533507,0.2832135758245546,0.15071954979391752,2
2023,Nusa Tenggara Barat,0.2585286274642214,0.26026966262047696,0.26027482862648155,0.22092688128882004,2
2023,Nusa Tenggara Timur,0.07809964715223527,0.081433493201387,0.081444247336147,0.7590226123102307,3
2023,Papua,0.18461539952664868,0.1882588316388081,0.1882703767737003,0.43885539206084295,3
2023,Papua Barat,0.19911596926607208,0.2021079675489454,0.20211742446575096,0.3966586387192315,3
2023,Papua Barat Daya,0.18928976555667146,0.1927427932489064,0.19275373180350752,0.4252137093909146,3
2023,Papua Pegunungan,0.22298733003512597,0.22490906700367927,0.22491512068148262,0.3271884822797121,3
2023,Papua Selatan,0.2093724508262465,0.21224671806747658,0.2122557866321051,0.36612504447417177,3
2023,Papua Tengah,0.24272560278764968,0.24425410547444965,0.24425885699671904,0.2687614347411816,3
2023,Riau,0.20878995953774587,0.2145834445452206,0.21460179509859992,0.3620248008184336,3
2023,Sulawesi Barat,0.27769348984715053,0.2767410019795057,0.27673768219687533,0.16882782597646856,0
2023,Sulawesi Selatan,0.3181855612071329,0.31321500508644873,0.31319703690852935,0.05540239679788907,0
2023,Sulawesi Tengah,0.2232107624933039,0.22675146222874687,0.22676254497167478,0.3232752303062745,3
2023,Sulawesi Tenggara,0.30850618615110015,0.3020309370713214,0.30201015180099267,0.08745272497658585,0
2023,Sulawesi Utara,0.2726315659242712,0.27660178686321163,0.2766137152341525,0.17415293197836473,2
2023,Sumatera Barat,0.3215533919434293,0.3047130342739037,0.304662217948854,0.06907135583381295,0
2023,Sumatera Selatan,0.30559714560427786,0.29625062374096883,0.2962218148053602,0.10193041584939305,0
2023,Sumatera Utara,0.19842304967606583,0.20397944087985892,0.20399706147752153,0.39360044796655375,3
2024,Aceh,0.12987857803526118,0.13478022791903224,0.13479595901186345,0.6005452350338432,3
2024,Bali,0.25574680430572927,0.2571330280496061,0.25713722794805693,0.22998293969660769,2
2024,Banten,0.2721146845960712,0.27035864352440675,0.2703530251139863,0.1871736467655358,0
2024,Bengkulu,0.2966212725660658,0.2884346539986388,0.2884096277846118,0.12653444565068359,0
2024,DKI Jakarta,0.2633634429189041,0.2623905005578726,0.2623873865299971,0.21185866999322617,0
2024,Daerah Istimewa Yogyakarta,0.28215569606696733,0.2790329233462635,0.2790229988991364,0.15978838168763276,0
2024,Gorontalo,0.21349956983853202,0.21694410236164957,0.2169549536515064,0.35260137414831194,3
2024,Jambi,0.3114277880238436,0.3027881025002756,0.3027607222330627,0.08302338724281812,0
2024,Jawa Barat,0.2897987314089945,0.28705321912053927,0.28704412581361965,0.13610392365684654,0
2024,Jawa Tengah,0.30630885542226693,0.3020118642182486,0.3019972474790078,0.0896820328804766,0
2024,Jawa Timur,0.32397869296062837,0.30661975736161834,0.30656708591416604,0.06283446376358716,0
2024,Kalimantan Barat,0.2850013085398997,0.28217619774309416,0.28216716016423704,0.15065533355276908,0
2024,Kalimantan Selatan,0.3059590635068483,0.29603685757176834,0.29600641136576455,0.10199766755561869,0
2024,Kalimantan Tengah,0.25635610244546014,0.26360082720803796,0.26362337396261953,0.21641969638388242,2
2024,Kalimantan Timur,0.3203617682873591,0.30366391754684247,0.3036136180648274,0.07236069610097107,0
2024,Kalimantan Utara,0.28031371646875664,0.2771464833662169,0.27713653087384366,0.16540326929118285,0
2024,Kepulauan Bangka Belitung,0.25046878501502706,0.25268464971461807,0.2526914712711705,0.24415509399918436,2
2024,Kepulauan Riau,0.3053186767195301,0.29763271667431984,0.297608567787067,0.09944003881908305,0
2024,Lampung,0.28865004445471387,0.2882035715811167,0.2882015544439617,0.13494482952020784,0
2024,Maluku,0.20437296418342984,0.20726890892411828,0.20727806284702038,0.38108006404543143,3
2024,Maluku Utara,0.2828539038281772,0.2832129705533507,0.2832135758245546,0.15071954979391752,2
2024,Nusa Tenggara Barat,0.19407430901990463,0.20082645282753478,0.20084793327180525,0.40425130488075534,3
2024,Nusa Tenggara Timur,0.12100931290942062,0.12505652293310196,0.12506949027083897,0.6288646738866385,3
2024,Papua,0.20899390105025867,0.2134124491045834,0.21342637681468216,0.36416727303047575,3
2024,Papua Barat,0.2243625558454003,0.2265605158724459,0.22656741227104846,0.32250951601110533,3
2024,Papua Barat Daya,0.1595486406697078,0.16360239696743983,0.1636152980028564,0.5132336643599961,3
2024,Papua Pegunungan,0.22298733003512597,0.22490906700367927,0.22491512068148262,0.3271884822797121,3
2024,Papua Selatan,0.22360380775223923,0.22629441609596013,0.22630286649499656,0.32379890965680413,3
2024,Papua Tengah,0.24272560278764968,0.24425410547444965,0.24425885699671904,0.2687614347411816,3
2024,Riau,0.2699966745316114,0.27020047806941,0.27020087003605503,0.1896019773629235,2
2024,Sulawesi Barat,0.29498186564206286,0.29752420781198236,0.2975308109780263,0.10996311556792848,2
2024,Sulawesi Selatan,0.3197996486489217,0.31437320465215407,0.3143535819370086,0.0514735647619156,0
2024,Sulawesi Tengah,0.18700669240503118,0.19118311091734813,0.19119634159240603,0.43061385508521466,3
2024,Sulawesi Tenggara,0.29181006647075003,0.28806183765333987,0.2880498352970542,0.1320782605788559,0
2024,Sulawesi Utara,0.2475886539534834,0.2528619420424975,0.25287835348594745,0.2466710505180717,2
2024,Sumatera Barat,0.3084754760530924,0.3014242107807387,0.3014017410510856,0.08869857211508331,0
2024,Sumatera Selatan,0.27150220220203786,0.2803421679511139,0.2803696093423585,0.16778602050448976,2
2024,Sumatera Utara,0.28506279537883844,0.28534112653888327,0.2853414336020525,0.14425464448022582,2
2025,Aceh,0.1909890462349113,0.19820789923900628,0.19823098231954409,0.41257207220653824,3
2025,Bali,0.2518271523046682,0.25346878108098936,0.2534738079159586,0.24123025869838388,2
2025,Banten,0.23952346327387047,0.2408736510253005,0.24087783980842736,0.2787250458924016,3
2025,Bengkulu,0.25039943787177343,0.2516870490983399,0.25169097402128443,0.24622253900860222,2
2025,DKI Jakarta,0.26255385207987963,0.2616532122502977,0.2616503277765413,0.21414260789328138,0
2025,Daerah Istimewa Yogyakarta,0.28444294905236295,0.28109748133575785,0.28108686590967213,0.153372703702207,0
2025,Gorontalo,0.24968339108554774,0.2534323011348149,0.2534439187239056,0.24344038905573176,2
2025,Jambi,0.2787373463106418,0.2849667723695372,0.28498561490429847,0.1513102664155226,2
2025,Jawa Barat,0.2896390083039375,0.2872408897108703,0.2872328497176878,0.13588725226750434,0
2025,Jawa Tengah,0.29075728865381517,0.28494233083669535,0.2849242817174605,0.13937609879202903,0
2025,Jawa Timur,0.32091840550014816,0.30332512133498724,0.3032723981745176,0.07248407499034702,0
2025,Kalimantan Barat,0.2801836193171786,0.27987751941103783,0.27987612210526724,0.16006273916651637,0
2025,Kalimantan Selatan,0.3209376880880864,0.30462593742908695,0.30457659366025425,0.06985978082257241,0
2025,Kalimantan Tengah,0.30789252729058914,0.30870890974525544,0.30870913550351414,0.07468942746064137,2
2025,Kalimantan Timur,0.3232831337482052,0.3047881743178321,0.30473278770549633,0.06719590422846633,0
2025,Kalimantan Utara,0.28910482340151245,0.2838536889429041,0.2838373997348859,0.1432040879206976,0
2025,Kepulauan Bangka Belitung,0.29389824108499996,0.28792396587901814,0.28790541898294314,0.13027237405303882,0
2025,Kepulauan Riau,0.2884051270448928,0.2871317992376346,0.28712733433368554,0.137335739383787,0
2025,Lampung,0.260818630754557,0.2603637963299946,0.2603622891082961,0.2184552838071522,0
2025,Maluku,0.13595108491650568,0.14002346592667833,0.14003646027823546,0.5839889888785805,3
2025,Maluku Utara,0.2828539038281772,0.2832129705533507,0.2832135758245546,0.15071954979391752,2
2025,Nusa Tenggara Barat,0.23699594970889995,0.24136701001628655,0.24138059557392094,0.2802564447008925,3
2025,Nusa Tenggara Timur,0.11197626723837499,0.11743056156515197,0.11744820630536887,0.6531449648911042,3
2025,Papua,0.1666925998472162,0.1713941196370545,0.17140908492492374,0.4905041955908055,3
2025,Papua Barat,0.2249305632441085,0.22708878331555218,0.2270955556258603,0.320885097814479,3
2025,Papua Barat Daya,0.2772090487151415,0.27510545429554106,0.2750987043179341,0.17258679267138324,0
2025,Papua Pegunungan,0.22298733003512597,0.22490906700367927,0.22491512068148262,0.3271884822797121,3
2025,Papua Selatan,0.215541510617975,0.21938539541368768,0.21939749944618311,0.34567559452215424,3
2025,Papua Tengah,0.24272560278764968,0.24425410547444965,0.24425885699671904,0.2687614347411816,3
2025,Riau,0.2867570785630477,0.2841557371773105,0.2841472737388426,0.14493991052079921,0
2025,Sulawesi Barat,0.27769348984715053,0.2767410019795057,0.27673768219687533,0.16882782597646856,0
2025,Sulawesi Selatan,0.30882131990411676,0.31882236319768553,0.31885036894619934,0.05350594795199839,2
2025,Sulawesi Tengah,0.22588651669149967,0.22844842626948644,0.22845646736213976,0.3172085896768741,3
2025,Sulawesi Tenggara,0.287996363455525,0.28509521557078354,0.28508584367271605,0.14182257730097547,0
2025,Sulawesi Utara,0.2855714545484869,0.28594408481552164,0.2859446348386321,0.14253982579735927,2
2025,Sumatera Barat,0.3062065983708136,0.29757180861645915,0.2975450121369755,0.0986765808757518,0
2025,Sumatera Selatan,0.2796998588276252,0.2768781136598969,0.276869243959557,0.16655278355292086,0
2025,Sumatera Utara,0.2972381576790369,0.29481915354720817,0.29481087451866334,0.11313181425509157,0
