Tahun,Provinsi,u_cluster_0,u_cluster_1,u_cluster_2,u_cluster_3,label
2019,Aceh,0.1902869299765856,0.1902895998532966,0.4328015570892576,0.1866219130808602,2
2019,Bali,0.25122512781700135,0.2512268137529819,0.24870453647888582,0.24884352195113096,1
2019,Banten,0.25432463059661,0.25432482599678247,0.23732709383732928,0.2540234495692783,1
2019,Bengkulu,0.2607686418019223,0.2607696670422718,0.219175425200285,0.2592862659555209,1
2019,DKI Jakarta,0.2567208180235142,0.25672067257325265,0.22965235373087015,0.25690615567236297,3
2019,Daerah Istimewa Yogyakarta,0.2823907873183378,0.2823870297970923,0.1475706621815579,0.28765152070301203,3
2019,Gorontalo,0.2876452432158284,0.28764562283285466,0.13779410195171937,0.2869150319995976,1
2019,Jambi,0.22875527555412795,0.22875876007271623,0.3185640357249543,0.22392192864820143,2
2019,Jawa Barat,0.2684830815861504,0.2684823553103673,0.19360216038009465,0.2694324027233877,3
2019,Jawa Tengah,0.2975578931566945,0.2975490057441891,0.09460249815162272,0.3102906029474937,3
2019,Jawa Timur,0.29776885747179604,0.2977593759492956,0.0930424676331981,0.31142929894571036,3
2019,Kalimantan Barat,0.28946541787461555,0.28946618116993694,0.13294506198301623,0.2881233389724313,1
2019,Kalimantan Selatan,0.2963299541368682,0.2963213277008022,0.09862250159861795,0.3087262165637116,3
2019,Kalimantan Tengah,0.3036271098185279,0.30361813486319655,0.07645633958936872,0.3162984157289068,3
2019,Kalimantan Timur,0.29946447844828633,0.2994562492223261,0.08994831738798013,0.3111309549414073,3
2019,Kalimantan Utara,0.2842160416654213,0.28421250246320734,0.14241713124834618,0.2891543246230252,3
2019,Kepulauan Bangka Belitung,0.21275809280416105,0.21276049414146153,0.36503693729442854,0.20944447575994896,2
2019,Kepulauan Riau,0.28787239003034326,0.2878779724447186,0.14434015643190268,0.27990948109303543,1
2019,Lampung,0.26701994421058944,0.26701978141346694,0.1987778067005249,0.26718246767541876,3
2019,Maluku,0.2739377727324992,0.27394400920625345,0.18687474951124788,0.26524346854999953,1
2019,Maluku Utara,0.26468807079693873,0.26468904666357335,0.2073697322422012,0.26325315029728674,1
2019,Nusa Tenggara Barat,0.2699240105621565,0.26992337674958816,0.18940910582313275,0.2707435068651226,3
2019,Nusa Tenggara Timur,0.11155681420509693,0.11156041303460416,0.6701729396967225,0.10670983306357627,2
2019,Papua,0.2345471369798569,0.23454873096846376,0.29857741658547854,0.23232671546620082,2
2019,Papua Barat,0.24343085285887892,0.24343172220051376,0.27092245334319903,0.2422149715974083,2
2019,Riau,0.24159603903820273,0.2415982640169075,0.27833246847995474,0.238473228464935,2
2019,Sulawesi Barat,0.2778861426772386,0.27788337183646805,0.1624847605521037,0.28174572493418965,3
2019,Sulawesi Selatan,0.3102012139424815,0.3101966681124465,0.0636663896335722,0.31593572831149974,3
2019,Sulawesi Tengah,0.21850962412670039,0.21851345094160735,0.3497389507359941,0.21323797419569818,2
2019,Sulawesi Tenggara,0.27351200402802456,0.2735130309604073,0.18100473856555194,0.2719702264460162,1
2019,Sulawesi Utara,0.28183629704839586,0.28183496025196375,0.15274520699798694,0.2835835357016535,3
2019,Sumatera Barat,0.301380636761025,0.30137208988286074,0.08375030542343484,0.3134969679326794,3
2019,Sumatera Selatan,0.27653905701140513,0.27653706669709627,0.16765667928166517,0.27926719700983343,3
2019,Sumatera Utara,0.2643779932621825,0.26438094576961435,0.21105495609277877,0.2601861048754244,1
2020,Aceh,0.210375994783804,0.21037802558085436,0.3716661246245247,0.20757985501081694,2
2020,Bali,0.24240742073647642,0.24240883148539547,0.27474958160100427,0.2404341661771239,2
2020,Banten,0.25791956746057176,0.2579194561309306,0.2261170076607201,0.2580439687477775,3
2020,Bengkulu,0.29924612614283264,0.29923839867841684,0.09133036305859223,0.31018511212015837,3
2020,DKI Jakarta,0.2582487114759112,0.25824837765590225,0.22480977091766924,0.2586931399505173,3
2020,Daerah Istimewa Yogyakarta,0.2863904484618335,0.28638532715123133,0.13358753525934638,0.29363668912758883,3
2020,Gorontalo,0.29904184371133125,0.299032992135859,0.09019809625757318,0.31172706789523663,3
2020,Jambi,0.19505307788243287,0.19505713876908284,0.4203995533465708,0.18949023000191342,2
2020,Jawa Barat,0.288743133350945,0.28873990284246287,0.1293798902900908,0.2931370735165013,3
2020,Jawa Tengah,0.30417055417468675,0.30416462826570956,0.07950004373955039,0.3121647738200533,3
2020,Jawa Timur,0.29609212098498977,0.2960834477333335,0.09926825922149675,0.30855617206018,3
2020,Kalimantan Barat,0.2998030043031648,0.29979560412217604,0.09018885198565464,0.3102125395890045,3
2020,Kalimantan Selatan,0.29572506268335474,0.2957167117267169,0.10084343964872769,0.3077147859412006,3
2020,Kalimantan Tengah,0.30550881002909863,0.30550227300666205,0.07454741165219454,0.3144415053120448,3
2020,Kalimantan Timur,0.2981407894260294,0.29813158086059993,0.09235811105185822,0.3113695186615124,3
2020,Kalimantan Utara,0.2847222922749127,0.2847191444286547,0.14148980252817514,0.2890687607682575,3
2020,Kepulauan Bangka Belitung,0.27432285860773625,0.2743244060952512,0.17931931899956396,0.2720334162974486,1
2020,Kepulauan Riau,0.2828469238835942,0.2828474850612649,0.1524367906255554,0.28186880042958545,1
2020,Lampung,0.2712383823679096,0.2712441597936746,0.19434448831587076,0.26317296952254504,1
2020,Maluku,0.1849291092481013,0.1849318597690663,0.4489832065049594,0.18115582447787304,2
2020,Maluku Utara,0.2825109029331059,0.28250964318279354,0.15082627460595477,0.2841531792781458,3
2020,Nusa Tenggara Barat,0.22068854944923788,0.22069107406059615,0.34143009688239007,0.21719027960777587,2
2020,Nusa Tenggara Timur,0.1813725306084168,0.181379605207958,0.46538044121171707,0.17186742297190805,2
2020,Papua,0.19134069389304378,0.19134371604278932,0.4301227072019,0.18719288286226687,2
2020,Papua Barat,0.24383276949264204,0.2438337643719691,0.2698953840598903,0.2424380820754986,2
2020,Riau,0.21462118112966272,0.21462316406642257,0.3588716664482076,0.21188398835570713,2
2020,Sulawesi Barat,0.2536480166172151,0.2536489439109897,0.24038876129806566,0.2523142781737296,1
2020,Sulawesi Selatan,0.30902430389765545,0.30902166764747124,0.06988135620007913,0.3120726722547941,3
2020,Sulawesi Tengah,0.2852463888467052,0.28524295656077875,0.13950776711279475,0.29000288747972125,3
2020,Sulawesi Tenggara,0.3023473894881286,0.30234122852669587,0.08447536610471726,0.3108360158804583,3
2020,Sulawesi Utara,0.25640423410967544,0.2564039947541234,0.23046850520589252,0.2567232659303087,3
2020,Sumatera Barat,0.30411038627282305,0.3041001183124907,0.07300642547674596,0.3187830699379403,3
2020,Sumatera Selatan,0.2997312919975754,0.2997228579144423,0.08884107071175486,0.3117047793762274,3
2020,Sumatera Utara,0.298561745559433,0.29855671342696927,0.0974038909497651,0.30547765006383265,3
2021,Aceh,0.15739234841774605,0.15739537185156446,0.531945555883495,0.15326672384719447,2
2021,Bali,0.24580124752442106,0.2458028886163849,0.26489893378655976,0.2434969300726343,2
2021,Banten,0.2648060773308293,0.264805769017117,0.20521240144811154,0.2651757522039422,3
2021,Bengkulu,0.2692275828309473,0.2692271871897054,0.19182034805206263,0.26972488192728467,3
2021,DKI Jakarta,0.26249108603614874,0.26249035414802596,0.2115332522577222,0.26348530755810307,3
2021,Daerah Istimewa Yogyakarta,0.27233318102095744,0.27233141200597016,0.1805622083144942,0.27477319865857813,3
2021,Gorontalo,0.23440667924687328,0.23440773764009332,0.29824553080399613,0.2329400523090373,2
2021,Jambi,0.2659109503723446,0.26591087755838516,0.20223215217773016,0.26594601989154015,3
2021,Jawa Barat,0.2836021543623766,0.28359987636420225,0.14613963516720693,0.28665833410621416,3
2021,Jawa Tengah,0.3021203166572117,0.3021167473352445,0.08905647079727706,0.30670646521026673,3
2021,Jawa Timur,0.2987619000710627,0.298753317551211,0.09148768960569745,0.3109970927720289,3
2021,Kalimantan Barat,0.2934468496608406,0.29344102112221476,0.1114687259287808,0.3016434032881639,3
2021,Kalimantan Selatan,0.29834707502343594,0.29833750873113946,0.09118053884179697,0.3121348774036277,3
2021,Kalimantan Tengah,0.26157988680687994,0.26158471222497404,0.22199392211432822,0.2548414788538178,1
2021,Kalimantan Timur,0.3038753926897676,0.30386290019023404,0.07025401645530581,0.32200769066469254,3
2021,Kalimantan Utara,0.2765753485400902,0.2765728059257641,0.16672932928357428,0.2801225162505715,3
2021,Kepulauan Bangka Belitung,0.24226820595540643,0.24227099997193813,0.2770930199577044,0.238367774114951,2
2021,Kepulauan Riau,0.23789967029204,0.2379017248744146,0.28917392852971857,0.2350246763038268,2
2021,Lampung,0.28105208119995884,0.28105924467854054,0.16685665067959635,0.27103202344190425,1
2021,Maluku,0.1678800792733716,0.16788296063192112,0.5002934086176488,0.16394355147705844,2
2021,Maluku Utara,0.2519856584069375,0.2519872135124927,0.24623873903466334,0.24978838904590644,1
2021,Nusa Tenggara Barat,0.2410218168586552,0.24102469213291988,0.28095876919428103,0.23699472181414385,2
2021,Nusa Tenggara Timur,0.235157424316806,0.23516166044670475,0.300399593322631,0.22928132191385825,2
2021,Papua,0.23294322219241032,0.23295048398573195,0.31104412413318044,0.22306216968867726,2
2021,Papua Barat,0.21905851481771682,0.21906030179278155,0.34529133806445866,0.21658984532504294,2
2021,Riau,0.29145034976474404,0.2914449147059401,0.1180020594114377,0.29910267611787816,3
2021,Sulawesi Barat,0.27673655904203404,0.27673578662861703,0.16882831869808415,0.27769933563126475,3
2021,Sulawesi Selatan,0.3041404818725923,0.3041391888750217,0.08627589819538191,0.3054444310570041,3
2021,Sulawesi Tengah,0.22044782236932337,0.22045038450626991,0.34220238429655947,0.21689940882784725,2
2021,Sulawesi Tenggara,0.2930402346214276,0.29303599458202606,0.11504167600534788,0.2988820947911984,3
2021,Sulawesi Utara,0.29303099474096495,0.29303235856531684,0.12315006200877338,0.2907865846849448,1
2021,Sumatera Barat,0.29965191775853,0.2996435602189718,0.08914711558301862,0.31155740643947955,3
2021,Sumatera Selatan,0.305095354576399,0.30508330817835805,0.0673903856227661,0.32243095162247687,3
2021,Sumatera Utara,0.18307583494029053,0.18307941989134946,0.4556782577655513,0.17816648740280877,2
2022,Aceh,0.14564776667311582,0.1456523770317355,0.5692719284235189,0.1394279278716298,2
2022,Bali,0.25285155952862876,0.25285264682158193,0.24298701396314804,0.2513087796866413,1
2022,Banten,0.2665401761009276,0.26653993488497946,0.20011798088861282,0.2668019081254801,3
2022,Bengkulu,0.2808181845606106,0.28081503185441625,0.15314922169931833,0.28521756188565484,3
2022,DKI Jakarta,0.26231464369117646,0.26231585179982336,0.2148024066567583,0.26056709785224186,1
2022,Daerah Istimewa Yogyakarta,0.2870453986324809,0.2870412323087672,0.13304829432362614,0.29286507473512574,3
2022,Gorontalo,0.23485754138614454,0.2348609721589964,0.30018007807553054,0.23010140837932855,2
2022,Jambi,0.2592622847809814,0.25926533862708023,0.22651302538192328,0.2549593512100151,1
2022,Jawa Barat,0.27742652175504806,0.2774256187828477,0.1665940338122985,0.27855382564980574,3
2022,Jawa Tengah,0.3021801975248404,0.30217724416243724,0.08979731688485658,0.30584524142786573,3
2022,Jawa Timur,0.3016832637641139,0.30167378287397756,0.08146163076187013,0.3151813226000384,3
2022,Kalimantan Barat,0.2857854888077716,0.28578474110505747,0.1417819278025283,0.28664784228464263,3
2022,Kalimantan Selatan,0.3006061029432245,0.30059645735532453,0.0843618102889555,0.3144356294124956,3
2022,Kalimantan Tengah,0.26461484103909366,0.2646193127369555,0.21241898886210553,0.2583468573618453,1
2022,Kalimantan Timur,0.2993273087295281,0.29931733728972326,0.08764641814195645,0.31370893583879217,3
2022,Kalimantan Utara,0.2765802383181414,0.2765776950072286,0.16671369008502573,0.2801283765896042,3
2022,Kepulauan Bangka Belitung,0.279999237117366,0.28000046226846387,0.16186554703681882,0.27813475357735135,1
2022,Kepulauan Riau,0.2582097861227318,0.2582104003662517,0.22627082231749668,0.25730899119351985,1
2022,Lampung,0.29824500801487813,0.29823678617409183,0.09355180534735905,0.30996640046367097,3
2022,Maluku,0.2900835884422259,0.2900806240727584,0.12570796076069468,0.294127826724321,3
2022,Maluku Utara,0.22530163926406663,0.22530327549750342,0.32636022650114793,0.22303485873728202,2
2022,Nusa Tenggara Barat,0.23188233330729016,0.2318860132147151,0.3094648945421754,0.22676675893581938,2
2022,Nusa Tenggara Timur,0.19457286521693457,0.19457732218666815,0.4223645037056713,0.18848530889072593,2
2022,Papua,0.22115678321833174,0.22115844780371796,0.33882709112652615,0.21885767785142415,2
2022,Papua Barat,0.22044719211736125,0.22044885043679924,0.34094564774604946,0.21815830969979008,2
2022,Papua Barat Daya,0.16362109757505133,0.16362409757826218,0.513232063456858,0.15952274138982855,2
2022,Papua Pegunungan,0.22491780315789708,0.22491921078215393,0.3271881000508665,0.22297488600908247,2
2022,Papua Selatan,0.24964197694767065,0.24964482491689527,0.2550564700944119,0.24565672804102218,2
2022,Papua Tengah,0.24426095243483664,0.24426205717694646,0.26876142353423976,0.2427155668539772,2
2022,Riau,0.25953550022527494,0.25953951072376774,0.22701977553086722,0.2539052135200901,1
2022,Sulawesi Barat,0.27673655904203404,0.27673578662861703,0.16882831869808415,0.27769933563126475,3
2022,Sulawesi Selatan,0.3060774866052664,0.3060707132323452,0.07252685899607127,0.3153249411663171,3
2022,Sulawesi Tengah,0.19095926906632354,0.19096310802508779,0.43237677039616923,0.18570085251241947,2
2022,Sulawesi Tenggara,0.29884643984152115,0.2988409224997741,0.09584467821369766,0.3064679594450071,3
2022,Sulawesi Utara,0.29163279474275555,0.291634415221366,0.12765420018269943,0.28907858985317897,1
2022,Sumatera Barat,0.3034031483153937,0.3033921741408374,0.0740036496902844,0.3192010278534845,3
2022,Sumatera Selatan,0.3023629020321597,0.3023516816407843,0.0767146388003834,0.3185707775266726,3
2022,Sumatera Utara,0.27974738747262223,0.2797518822953931,0.16716940297916194,0.2733313272528227,1
2023,Aceh,0.12410457715929323,0.12410837840427263,0.6328109766595107,0.11897606777692336,2
2023,Bali,0.25749183799437686,0.25749269300406796,0.22875221667978424,0.25626325232177094,1
2023,Banten,0.26792896762181456,0.267927926191121,0.1948079099716416,0.26933519621542285,3
2023,Bengkulu,0.29109081676909554,0.291084483067212,0.1177364330689954,0.30008826709469705,3
2023,DKI Jakarta,0.26249374892047145,0.26249301683593634,0.2115249946765879,0.26348823956700435,3
2023,Daerah Istimewa Yogyakarta,0.2782515506460393,0.27824913646003224,0.16192111979437696,0.2815781930995515,3
2023,Gorontalo,0.23458228438512108,0.23458469550584524,0.299607048735661,0.23122597137337267,2
2023,Jambi,0.2822193869038088,0.2822175942618083,0.1509533886012804,0.2846096302331024,3
2023,Jawa Barat,0.27519415859133695,0.27519323497984355,0.17324117380374918,0.2763714326250703,3
2023,Jawa Tengah,0.3035761712558273,0.3035738455999855,0.08656489676733303,0.3062850863768541,3
2023,Jawa Timur,0.301602016274567,0.3015916677563367,0.08035462941458997,0.31645168655450634,3
2023,Kalimantan Barat,0.2847259918417776,0.28472413262497953,0.14334319920267688,0.28720667633056596,3
2023,Kalimantan Selatan,0.29730291939707343,0.2972938735021027,0.09509363156064894,0.3103095755401749,3
2023,Kalimantan Tengah,0.300209309619678,0.30021739013118875,0.11080548498226551,0.2887678152668677,1
2023,Kalimantan Timur,0.29773456352735883,0.29772533444298394,0.0935291585994516,0.31101094343020563,3
2023,Kalimantan Utara,0.27672934370685126,0.27672707306337946,0.16667156106337175,0.2798720221663975,3
2023,Kepulauan Bangka Belitung,0.2975739474401469,0.2975821719945633,0.11889895959710615,0.28594492096818364,1
2023,Kepulauan Riau,0.29923932308149354,0.29923765936851315,0.10035286724369685,0.3011701503062965,3
2023,Lampung,0.30588782693101285,0.3058789959666418,0.0699823450316455,0.3182508320706998,3
2023,Maluku,0.24431881722992704,0.24432128692212313,0.2705002442819185,0.24085965156603134,2
2023,Maluku Utara,0.28321434168722975,0.2832144816188478,0.1507201903328888,0.2828509863610335,1
2023,Nusa Tenggara Barat,0.26027731504194185,0.2602785157698399,0.2209272754864855,0.25851689370173275,1
2023,Nusa Tenggara Timur,0.08144915289480917,0.08145165388875274,0.759020489501617,0.07807870371482106,2
2023,Papua,0.18827551546302485,0.18827820008681634,0.43885431469924546,0.18459196975091338,2
2023,Papua Barat,0.20212164252363696,0.20212384153132992,0.39665782815132006,0.1990966877937131,2
2023,Papua Barat Daya,0.19275860929091662,0.19276115285989776,0.42521267555891,0.1892675622902756,2
2023,Papua Pegunungan,0.22491780315789708,0.22491921078215393,0.3271881000508665,0.22297488600908247,2
2023,Papua Selatan,0.2122597994392143,0.21226190811784684,0.36612442876334583,0.20935386367959302,2
2023,Papua Tengah,0.24426095243483664,0.24426205717694646,0.26876142353423976,0.2427155668539772,2
2023,Riau,0.2146095409313137,0.2146138080119985,0.36202436483151684,0.20875228622517103,2
2023,Sulawesi Barat,0.27673655904203404,0.27673578662861703,0.16882831869808407,0.2776993356312648,3
2023,Sulawesi Selatan,0.313192397180594,0.3131882157026025,0.05540324384673319,0.3182161432700703,3
2023,Sulawesi Tengah,0.22676738865751345,0.22676996554470397,0.3232750174302537,0.2231876283675289,2
2023,Sulawesi Tenggara,0.3020017277828185,0.3019968941659528,0.08745334765004353,0.308548030401185,3
2023,Sulawesi Utara,0.2766193068679733,0.2766220795880984,0.1741536207955316,0.27260499274839667,1
2023,Sumatera Barat,0.30463774802049537,0.3046259354430103,0.06907120058212446,0.32166511595436975,3
2023,Sumatera Selatan,0.29620871046714725,0.29620201269502694,0.10193065957846807,0.30565861725935783,3
2023,Sumatera Utara,0.20400457086825294,0.20400866824665598,0.3935997322578514,0.1983870286272397,2
2024,Aceh,0.13480279893069347,0.13480645723475324,0.6005434400047465,0.1298473038298068,2
2024,Bali,0.25713915217552497,0.25714012849187773,0.22998316935357802,0.2557375499790193,1
2024,Banten,0.2703506756726423,0.2703493691293412,0.1871739445090621,0.27212601068895437,3
2024,Bengkulu,0.28839798937929434,0.288392171352014,0.12653451170638216,0.29667532756230947,3
2024,DKI Jakarta,0.2623860728324525,0.2623853486740236,0.21185887468072293,0.26336970381280095,3
2024,Daerah Istimewa Yogyakarta,0.27901881318671984,0.2790165053910089,0.15978874502511198,0.28217593639715927,3
2024,Gorontalo,0.21695968500340923,0.21696220818376108,0.352600912177614,0.21347719463521572,2
2024,Jambi,0.3027492601169328,0.30274289335991916,0.08302386644584822,0.3114839800772998,3
2024,Jawa Barat,0.2870407226375319,0.28703860756117083,0.13610447890616312,0.2898161908951341,3
2024,Jawa Tengah,0.3019923480566335,0.30198894770629686,0.0896827550076609,0.30633594922940877,3
2024,Jawa Timur,0.30654213209867776,0.3065298878546301,0.06283437462025149,0.32409360542644067,3
2024,Kalimantan Barat,0.28216338154193077,0.2821612798890832,0.15065581270635042,0.2850195258626356,3
2024,Kalimantan Selatan,0.2959923969732204,0.2959853187604904,0.10199783040075698,0.3060244538655322,3
2024,Kalimantan Tengah,0.26363314373658586,0.26363838592766387,0.21642001283195225,0.256308457503798,1
2024,Kalimantan Timur,0.3035892845033945,0.30357759219324104,0.0723604831051964,0.3204726401981681,3
2024,Kalimantan Utara,0.27713218665392836,0.27712987250669635,0.1654036073702572,0.28033433346911807,3
2024,Kepulauan Bangka Belitung,0.2526944820966878,0.25269606802222455,0.24415534795733038,0.2504541019237572,1
2024,Kepulauan Riau,0.29759815362860764,0.29759253857353585,0.09944050037004813,0.30536880742780836,3
2024,Lampung,0.2882013211747254,0.28820085120789196,0.1349455031875835,0.28865232442979916,3
2024,Maluku,0.20728212258626807,0.20728425113950805,0.38107934586735465,0.20435428040686915,2
2024,Maluku Utara,0.28321434168722975,0.2832144816188478,0.15072019033288886,0.2828509863610336,1
2024,Nusa Tenggara Barat,0.20085691004254796,0.20086190506220233,0.4042506787239437,0.19403050617130593,2
2024,Nusa Tenggara Timur,0.12507540680179327,0.12507842236201966,0.6288624557563572,0.12098371507982983,2
2024,Papua,0.2134323727005055,0.21343561123227403,0.3641668759100986,0.20896514015712184,2
2024,Papua Barat,0.226570457331773,0.22657206086606935,0.3225092256530143,0.22434825614914325,2
2024,Papua Barat Daya,0.16362109757505133,0.16362409757826218,0.513232063456858,0.15952274138982855,2
2024,Papua Pegunungan,0.22491780315789708,0.22491921078215393,0.3271881000508665,0.22297488600908247,2
2024,Papua Selatan,0.22630656359315332,0.226308528471345,0.32379862015754696,0.22358628777795472,2
2024,Papua Tengah,0.24426095243483664,0.24426205717694646,0.26876142353423976,0.2427155668539772,2
2024,Riau,0.270201234191188,0.27020132494857063,0.18960241447112466,0.26999502638911665,1
2024,Sulawesi Barat,0.29753523417305067,0.29753676738965124,0.1099639880415614,0.29496401039573666,1
2024,Sulawesi Selatan,0.31434854993489436,0.3143439834271333,0.05147442959557143,0.31983303704240085,3
2024,Sulawesi Tengah,0.19120215088131304,0.19120522744069057,0.4306128694181126,0.18697975225988378,2
2024,Sulawesi Tenggara,0.28804487027095077,0.2880420791525227,0.1320787846351353,0.2918342659413911,3
2024,Sulawesi Utara,0.25288543578147815,0.2528892515032776,0.24667138048032497,0.24755393223491928,1
2024,Sumatera Barat,0.30139245279832366,0.30138722770027804,0.08869911122478356,0.3085212082766147,3
2024,Sumatera Selatan,0.280381568116827,0.2803879481953654,0.1677864663332521,0.27144401735455553,1
2024,Sumatera Utara,0.2853421411631313,0.28534221168416235,0.1442552601614187,0.28506038699128766,1
2025,Aceh,0.1982405348471807,0.19824590272252926,0.4125712026052727,0.1909423598250173,2
2025,Bali,0.25347606703852993,0.2534772356716207,0.24123043813266207,0.25181625915718725,1
2025,Banten,0.24087971935466543,0.24088069324682648,0.27872497646306077,0.2395146109354473,2
2025,Bengkulu,0.2516927533964266,0.2516936658319737,0.24622271116449096,0.25039086960710866,1
2025,DKI Jakarta,0.26164911173603167,0.2616484409569802,0.21414280263105814,0.26255964467593,3
2025,Daerah Istimewa Yogyakarta,0.2810823662225031,0.28107989777459047,0.1533730914375302,0.2844646445653763,3
2025,Gorontalo,0.2534490018946681,0.2534517029530625,0.24344062522361554,0.24965866992865382,1
2025,Jambi,0.2849944031263912,0.28499878321258565,0.1513109167218862,0.278695896939137,1
2025,Jawa Barat,0.2872299384579998,0.28722806823826863,0.1358878336353529,0.2896541596683786,3
2025,Jawa Tengah,0.28491621486795615,0.2849120184374047,0.13937634487261866,0.2907954218220205,3
2025,Jawa Timur,0.3032465200010761,0.30323426471785686,0.07248375900210684,0.3210354562789602,3
2025,Kalimantan Barat,0.27987592769944475,0.2798756021341976,0.16006335130030383,0.28018511886605385,3
2025,Kalimantan Selatan,0.30455299447794465,0.3045415240223049,0.06985969318888931,0.32104578831086117,3
2025,Kalimantan Tengah,0.30871213898457234,0.30871218787988625,0.07469039747580217,0.30788527565973933,1
2025,Kalimantan Timur,0.3047055436381825,0.3046926693140242,0.06719558831216502,0.32340619873562837,3
2025,Kalimantan Utara,0.28383009660286806,0.28382630936507774,0.1432043333998911,0.28913926063216305,3
2025,Kepulauan Bangka Belitung,0.2878971182995001,0.28789280612901585,0.13027267325006084,0.29393740232142324,3
2025,Kepulauan Riau,0.28712584638282174,0.2871248075010238,0.13733644072699197,0.2884129053891624,3
2025,Lampung,0.260361689243218,0.26036133866541156,0.21845548443138857,0.26082148765998187,3
2025,Maluku,0.14004239234707333,0.14004541410541146,0.5839869704270965,0.13592522312041866,2
2025,Maluku Utara,0.28321434168722975,0.2832144816188478,0.15072019033288886,0.2828509863610336,1
2025,Nusa Tenggara Barat,0.24138652119394013,0.24138967986461737,0.28025661175243227,0.23696718718901028,2
2025,Nusa Tenggara Timur,0.11745553214972958,0.11745963568491753,0.6531434172206289,0.11194141494472401,2
2025,Papua,0.17141565871331668,0.17141913873729206,0.4905027830609602,0.16666241948843113,2
2025,Papua Barat,0.22709854447122718,0.227100119153676,0.320884814395477,0.22491652197961984,2
2025,Papua Barat Daya,0.2750958959809534,0.27509432626816877,0.17258719074401066,0.27722258700686714,3
2025,Papua Pegunungan,0.22491780315789708,0.22491921078215393,0.3271881000508665,0.22297488600908247,2
2025,Papua Selatan,0.21940274515134625,0.21940555961509992,0.34567519597617535,0.2155164992573785,2
2025,Papua Tengah,0.24426095243483664,0.24426205717694646,0.26876142353423976,0.2427155668539772,2
2025,Riau,0.2841439026819914,0.28414193432887214,0.14494043338412402,0.2867737296050125,3
2025,Sulawesi Barat,0.27673655904203404,0.27673578662861703,0.16882831869808407,0.2776993356312648,3
2025,Sulawesi Selatan,0.31886659887940627,0.31887310523761003,0.053506810330663554,0.30875348555232013,1
2025,Sulawesi Tengah,0.22845998484569516,0.2284618545440229,0.3172083363323747,0.22586982427790725,2
2025,Sulawesi Tenggara,0.2850820374956477,0.28507985796002994,0.14182310785459853,0.2880149966897238,3
2025,Sulawesi Utara,0.2859454738500968,0.2859456007890268,0.14254058753769708,0.28556833782317925,1
2025,Sumatera Barat,0.29753304699138805,0.29752681681820947,0.09867691371739551,0.3062632224730071,3
2025,Sumatera Selatan,0.27686535784045985,0.2768632954584386,0.16655313916328562,0.27971820753781595,3
2025,Sumatera Utara,0.29480805413804106,0.2948061280766698,0.11313254499849561,0.29725327278679353,3
