Tahun,Provinsi,u_cluster_0,u_cluster_1,u_cluster_2,u_cluster_3,label
2019,Aceh,0.1867863617947765,0.19019197825046782,0.19021274571138597,0.43280891424336965,3
2019,Bali,0.24895325652349654,0.25116510956620125,0.25117824133324607,0.24870339257705604,2
2019,Banten,0.2540379182089981,0.25431717187993474,0.254318700337653,0.2373262095734141,2
2019,Bengkulu,0.259355459093133,0.2607315741738933,0.2607395687100883,0.21917339802288532,2
2019,DKI Jakarta,0.25689820168735633,0.2567257181726355,0.2567245905303759,0.22965148960963225,0
2019,Daerah Istimewa Yogyakarta,0.2874111044936243,0.2825245621599328,0.2824953075458259,0.14756902580061693,0
2019,Gorontalo,0.286952911998605,0.28762758070300454,0.2876305879008131,0.13778891939757731,2
2019,Jambi,0.22414224562901935,0.22863268373443682,0.2286598015142717,0.31856526912227207,3
2019,Jawa Barat,0.2693905729425302,0.2685075413557085,0.26850190432569343,0.19359998137606796,0
2019,Jawa Tengah,0.3097031635242273,0.297881536177051,0.2978122679031652,0.09460303239555645,0
2019,Jawa Timur,0.3107977221956205,0.2981162422413879,0.2980423244328446,0.09304371113014691,0
2019,Kalimantan Barat,0.28819037759555655,0.2894320444086184,0.2894380581976497,0.13293951979817542,2
2019,Kalimantan Selatan,0.30815366784592874,0.2966451771520283,0.2965779338007659,0.09862322120127702,0
2019,Kalimantan Tengah,0.3157172172568466,0.3039488308039287,0.3038789260731988,0.07645502586602593,0
2019,Kalimantan Timur,0.3105949005041153,0.29976082500005624,0.2996967174193735,0.08994755707645499,0
2019,Kalimantan Utara,0.2889290240574527,0.28434168522011793,0.28431413468272776,0.14241515603970156,0
2019,Kepulauan Bangka Belitung,0.20959432908669284,0.21267312107089237,0.21269180433536364,0.3650407455070512,3
2019,Kepulauan Riau,0.2802771254096689,0.28767156522164733,0.2877150697456921,0.14433623962299158,2
2019,Lampung,0.2671766540841878,0.2670245122655464,0.267023261831901,0.19877557181836483,0
2019,Maluku,0.2656416787525794,0.2737187158066257,0.2737672639876049,0.18687234145318996,2
2019,Maluku Utara,0.2633208170487537,0.2646524421556078,0.2646600578100832,0.20736668298555538,2
2019,Nusa Tenggara Barat,0.27070771506670605,0.2699452716482843,0.2699403546295104,0.1894066586554993,0
2019,Nusa Tenggara Timur,0.10692524305361596,0.11143083984677767,0.11145880853920677,0.6701851085603996,3
2019,Papua,0.23242789106066566,0.23449057786045913,0.23450298510476156,0.29857854597411365,3
2019,Papua Barat,0.242270515222373,0.24339993736742002,0.24340670542641527,0.27092284198379174,3
2019,Riau,0.23861641555287985,0.24151699924730202,0.24153432429881108,0.27833226090100704,3
2019,Sulawesi Barat,0.2815698233994454,0.2779844115787162,0.2779628440136263,0.16248292100821202,0
2019,Sulawesi Selatan,0.315683903817699,0.31034517443384896,0.3103099418494921,0.06366097989895994,0
2019,Sulawesi Tengah,0.2134773383451224,0.2183756364376207,0.21840540850828807,0.3497416167089689,3
2019,Sulawesi Tenggara,0.2720434421681829,0.273473722914168,0.2734817455937051,0.18100108932394404,2
2019,Sulawesi Utara,0.2835066376735753,0.28188133642987023,0.28187096044066606,0.1527410654558885,0
2019,Sumatera Barat,0.31294030773835785,0.3016884287994336,0.3016218465559314,0.08374941690627717,0
2019,Sumatera Selatan,0.27914379386007127,0.2766086323267496,0.27659315160472275,0.16765442220845636,0
2019,Sumatera Utara,0.26037972852496727,0.2642725221359124,0.264295525144965,0.21105222419415537,2
2020,Aceh,0.2077057998290849,0.21030388479071938,0.2103196834225133,0.3716706319576824,3
2020,Bali,0.2405244764915128,0.24235742020203993,0.2423684033327609,0.2747496999736864,3
2020,Banten,0.2580390718773158,0.25792294703560525,0.2579220884315622,0.2261158926555167,0
2020,Bengkulu,0.3096827926705018,0.2995240353624155,0.29946384097388234,0.09132933099320031,0
2020,DKI Jakarta,0.25867344103249595,0.2582602051544363,0.258257612100266,0.22480874171280169,0
2020,Daerah Istimewa Yogyakarta,0.2933039959023556,0.28657461733201917,0.286534725385455,0.1335866613801702,0
2020,Gorontalo,0.3111418697191898,0.2993644098116876,0.2992954199369253,0.09019830053219721,0
2020,Jambi,0.1897413519797295,0.19491076725877524,0.1949423520433412,0.4204055287181541,3
2020,Jawa Barat,0.2929386678110178,0.2888548300722915,0.2888297114890709,0.12937679062761986,0
2020,Jawa Tengah,0.3118043977325637,0.3043727457527359,0.30432668401950796,0.0794961724951924,0
2020,Jawa Timur,0.3079804410502829,0.2964090308716382,0.2963414224822405,0.09926910559583832,0
2020,Kalimantan Barat,0.30973585069129783,0.30006739848364916,0.3000097695349752,0.0901869812900778,0
2020,Kalimantan Selatan,0.3071612493240653,0.2960299606285884,0.29596486721684157,0.10084392283050479,0
2020,Kalimantan Tengah,0.31403691274687295,0.30573506825971114,0.3056842273432529,0.07454379165016305,0
2020,Kalimantan Timur,0.310758609699738,0.2984771414033443,0.2984053610523424,0.09235888784457535,0
2020,Kalimantan Utara,0.2888713220049924,0.28483288355564895,0.2848083912260541,0.14148740321330447,0
2020,Kepulauan Bangka Belitung,0.27214114539511497,0.27426559276435203,0.2742776733498592,0.17931558849067378,2
2020,Kepulauan Riau,0.28191770125378984,0.2828227835964605,0.28282720284959645,0.15243231230015322,2
2020,Lampung,0.26354253980545567,0.27103510359846184,0.2710800809604273,0.19434227563565518,2
2020,Maluku,0.18132506967783374,0.18483132970146776,0.18485272377073658,0.4489908768499618,3
2020,Maluku Utara,0.2840808533659126,0.28255315083705856,0.2825433742393465,0.15082262155768236,0
2020,Nusa Tenggara Barat,0.21734926942103214,0.22059937892322531,0.22061902519254864,0.3414323264631939,3
2020,Nusa Tenggara Timur,0.1722941659699999,0.18113055341324105,0.18118553037799437,0.4653897502387646,3
2020,Papua,0.18737947295983062,0.1912337433127192,0.1912572508015369,0.43012953292591327,3
2020,Papua Barat,0.2425019287885956,0.24379738315776123,0.24380512939451895,0.2698955586591242,3
2020,Riau,0.21200758273713918,0.2145507702800003,0.2145661983982222,0.3588754485846383,3
2020,Sulawesi Barat,0.2523763037367416,0.2536145350002072,0.25362176379145096,0.2403873974716003,2
2020,Sulawesi Selatan,0.3119440285624191,0.3091004502953101,0.30908009003285875,0.0698754311094121,0
2020,Sulawesi Tengah,0.2897866002175304,0.2853674739505716,0.2853407638104348,0.13950516202146326,0
2020,Sulawesi Tenggara,0.31045034965907614,0.30256269680253695,0.30251476361877316,0.08447218991961385,0
2020,Sulawesi Utara,0.25670916177348285,0.2564125271319256,0.25641066775736115,0.2304676433372304,0
2020,Sumatera Barat,0.31810706467795324,0.3044833402213979,0.30440332031807305,0.07300627478257585,0
2020,Sumatera Selatan,0.3111542932879404,0.30003544069480353,0.29996973311547137,0.08884053290178467,0
2020,Sumatera Utara,0.3051638031781554,0.298737280590731,0.298698134809091,0.0974007814220226,0
2021,Aceh,0.15345035789158926,0.15728440173709995,0.15730791266187844,0.5319573277094324,3
2021,Bali,0.24360269929536094,0.2457430134132381,0.2457557922026096,0.26489849508879143,3
2021,Banten,0.2651603299372498,0.26481581827428974,0.26481343391801015,0.20521041787045025,0
2021,Bengkulu,0.26970367559777675,0.26924073161471984,0.2692376660842864,0.19181792670321704,0
2021,DKI Jakarta,0.2634406622148366,0.26251659299278046,0.2625109026220256,0.21153184217035736,0
2021,Daerah Istimewa Yogyakarta,0.27466263201225966,0.27239548404954206,0.27238172058541144,0.18056016335278682,0
2021,Gorontalo,0.2330065615477615,0.23436913394102607,0.23437737017464383,0.2982469343365686,3
2021,Jambi,0.2659460418086136,0.2659122605697452,0.26591171109238937,0.2022299865292518,0
2021,Jawa Barat,0.28652128286991113,0.28367998838513225,0.2836622868411785,0.14613644190377809,0
2021,Jawa Tengah,0.30650384462133745,0.3022360822864897,0.30220839746152584,0.08905167563064698,0
2021,Jawa Timur,0.31043367533537364,0.2990728009782467,0.299005924280512,0.0914875994058677,0
2021,Kalimantan Barat,0.30126803790255613,0.293655118369086,0.2936097299762104,0.11146711375214766,0
2021,Kalimantan Selatan,0.3114973672944047,0.2986977469089295,0.2986231668995129,0.09118171889715282,0
2021,Kalimantan Tengah,0.25515037004332114,0.261410060038065,0.2614476259967615,0.22199194392185234,2
2021,Kalimantan Timur,0.3211675106468206,0.3043369243865185,0.30423949792028004,0.07025606704638078,0
2021,Kalimantan Utara,0.27996077603872915,0.2766656918108025,0.27664589931394384,0.16672763283652445,0
2021,Kepulauan Bangka Belitung,0.23854654411524923,0.24216980472384877,0.24219155527345793,0.27709209588744405,3
2021,Kepulauan Riau,0.2351562287337769,0.23782676621607793,0.2378427620730057,0.2891742429771395,3
2021,Lampung,0.2714913091885124,0.28079951826859495,0.28085529238239004,0.16685388016050257,2
2021,Maluku,0.1641190076053885,0.16777723798875183,0.16779964538986625,0.5003041090159934,3
2021,Maluku Utara,0.24988975685436615,0.2519303980484263,0.25194251086686514,0.24623733423034233,2
2021,Nusa Tenggara Barat,0.23717949631930083,0.24092017865301532,0.2409425651954472,0.2809577598322367,3
2021,Nusa Tenggara Timur,0.22954945537604107,0.2350087107538805,0.23504167817106594,0.3004001556990125,3
2021,Papua,0.22350957171500424,0.23269328205189985,0.23274974721276717,0.31104739902032874,3
2021,Papua Barat,0.2167014686190963,0.21899512806667995,0.21900903202787012,0.3452943712863536,3
2021,Riau,0.2987522191080018,0.29164493251147494,0.29160260585217085,0.1180002425283524,0
2021,Sulawesi Barat,0.2776579984762622,0.2767615185730248,0.27675553548056453,0.16882494747014848,0
2021,Sulawesi Selatan,0.3053936771163072,0.3041731502298876,0.3041632141103131,0.08626995854349195,0
2021,Sulawesi Tengah,0.21706059869617972,0.22035732313600362,0.22037726091233514,0.34220481725548146,3
2021,Sulawesi Tenggara,0.29861685510107044,0.29318868796011716,0.29315570045112754,0.11503875648768488,0
2021,Sulawesi Utara,0.29089587960121416,0.2929746627808001,0.2929853685859778,0.12314408903200809,2
2021,Sumatera Barat,0.3110094802376551,0.2999545477298198,0.29988942620936887,0.08914654582315616,0
2021,Sumatera Selatan,0.32163032617196624,0.30553620592314346,0.30544229474230994,0.06739117316258045,0
2021,Sumatera Utara,0.17838740266804715,0.18294953006598683,0.18297741249754657,0.4556856547684195,3
2022,Aceh,0.1397061852459455,0.14548783753641217,0.14552367073312075,0.5692823064845216,3
2022,Bali,0.2513800639616649,0.2528127558827198,0.25282122658791395,0.24298595356770133,2
2022,Banten,0.2667917217206043,0.26654721841006473,0.2665453600714813,0.20011569979784968,0
2022,Bengkulu,0.28501691783865124,0.28093019648526335,0.2809056545100711,0.1531472311660143,0
2022,DKI Jakarta,0.2606486505025271,0.26227091581159845,0.26228033650704413,0.21480009717883028,2
2022,Daerah Istimewa Yogyakarta,0.2925993978418924,0.28719339381510256,0.2871609597005854,0.13304624864241965,0
2022,Gorontalo,0.23031835863577052,0.2347371174855473,0.2347638163493285,0.3001807075293537,3
2022,Jambi,0.25515747038091646,0.25915396352497677,0.2591777474652597,0.22651081862884714,2
2022,Jawa Barat,0.2785052508717459,0.2774555884510097,0.277448593449606,0.1665905672276384,0
2022,Jawa Tengah,0.3056857430872866,0.3022725141724402,0.30224964028636947,0.0897921024539038,0
2022,Jawa Timur,0.31456008145165343,0.3020261474058923,0.30195227435554506,0.0814614967869092,0
2022,Kalimantan Barat,0.28661244737301694,0.285808013875311,0.28580224002728344,0.14177729872438857,0
2022,Kalimantan Selatan,0.3137976479083542,0.3009577603320709,0.30088257947158026,0.0843620122879946,0
2022,Kalimantan Tengah,0.2586347435325254,0.2644570082661758,0.2644918266690702,0.21241642153222867,2
2022,Kalimantan Timur,0.31304386597881473,0.29969312227092293,0.2996153809213838,0.08764763082887857,0
2022,Kalimantan Utara,0.2799665920653249,0.27667060620923273,0.2766508082901313,0.16671199343531115,0
2022,Kepulauan Bangka Belitung,0.2782236462990327,0.27995288334239765,0.2799624611712397,0.16186100918733,2
2022,Kepulauan Riau,0.2573513824742027,0.25818736222146227,0.25819215508113585,0.2262691002231992,2
2022,Lampung,0.3094266979817808,0.2985429282115282,0.29847886196398954,0.09355151184270143,0
2022,Maluku,0.29394518450637774,0.29018662027579084,0.2901635679992085,0.12570462721862286,0
2022,Maluku Utara,0.2231376024225856,0.2252435721680054,0.22525630492399404,0.326362520485415,3
2022,Nusa Tenggara Barat,0.2270004419238697,0.23175290232670845,0.2317815437388626,0.30946511201055926,3
2022,Nusa Tenggara Timur,0.18876009731933252,0.19441745534700347,0.19445211621894282,0.4223703311147212,3
2022,Papua,0.21896153739369037,0.22109766400504194,0.22111061557060818,0.3388301830306595,3
2022,Papua Barat,0.21826166949858578,0.22038832531981292,0.22040122771586693,0.34094877746573443,3
2022,Papua Barat Daya,0.1597054683296995,0.16351409140486578,0.16353742139547683,0.5132430188699578,3
2022,Papua Pegunungan,0.223062638916772,0.22486784671096086,0.22487879859680793,0.3271907157754593,3
2022,Papua Selatan,0.24583951866200096,0.24954141373063796,0.24956358686745334,0.25505548073990775,3
2022,Papua Tengah,0.24278630161109244,0.24422179874202118,0.24423039955957723,0.2687615000873091,3
2022,Riau,0.25416410705520487,0.2593938147945082,0.2594250440903809,0.22701703405990603,2
2022,Sulawesi Barat,0.2776579984762622,0.2767615185730248,0.27675553548056453,0.16882494747014848,0
2022,Sulawesi Selatan,0.31490619997677094,0.30631164148518086,0.3062589643221531,0.07252319421589506,0
2022,Sulawesi Tengah,0.18593808343986745,0.19082459435808377,0.19085445285021038,0.4323828693518384,3
2022,Sulawesi Tenggara,0.3061213767601279,0.29903989491930355,0.29899696460850395,0.09584176371206461,0
2022,Sulawesi Utara,0.28920133315977786,0.2915688075322701,0.29158149890398793,0.12764836040396416,2
2022,Sumatera Barat,0.3184711969637128,0.30380497539902745,0.3037194228778254,0.0740044047594344,0
2022,Sumatera Selatan,0.31782101687752046,0.30277525849254405,0.30268777273552144,0.07671595189441403,0
2022,Sumatera Utara,0.2736279208623012,0.27958574562650435,0.2796207748653666,0.1671655586458279,2
2023,Aceh,0.11920443801132939,0.1239715857595433,0.12400112998598456,0.6328228462431428,3
2023,Bali,0.2563204598430161,0.2574611077925986,0.25746777290380773,0.22875065946057754,2
2023,Banten,0.2692721334625596,0.2679649741520973,0.26795687934708295,0.19480601303826006,0
2023,Bengkulu,0.2996745058628479,0.29131948450153466,0.29127013955537717,0.11773587008024027,0
2023,DKI Jakarta,0.2634435820592558,0.2625192627458151,0.2625135708473739,0.21152358434755522,0
2023,Daerah Istimewa Yogyakarta,0.2814273193856369,0.2783362984705861,0.278317516205971,0.16191886593780602,0
2023,Gorontalo,0.2313792609611776,0.23449721964726147,0.23451598682462435,0.2996075325669366,3
2023,Jambi,0.28450287001442176,0.2822804377325067,0.2822665117601271,0.15095018049294437,0
2023,Jawa Barat,0.27632015603916116,0.2752244715837254,0.27521731049029524,0.1732380618868182,0
2023,Jawa Tengah,0.3061705958725315,0.3036441015775819,0.30362613492404034,0.0865591676258463,0
2023,Jawa Timur,0.3157662621797698,0.30197950019312325,0.3018988375434435,0.08035540008366346,0
2023,Kalimantan Barat,0.2870960148843534,0.2847894807532966,0.2847750368986279,0.14333946746372214,0
2023,Kalimantan Selatan,0.3097087638627084,0.2976336855554311,0.2975631702778097,0.09509438030405085,0
2023,Kalimantan Tengah,0.2892940557211184,0.29992064552324377,0.29998359853016004,0.11080170022547788,2
2023,Kalimantan Timur,0.31039748802341977,0.2980721605975386,0.2980002159258437,0.09353013545319797,0
2023,Kalimantan Utara,0.2797293518236262,0.27680952059780967,0.27679185152212,0.16666927605644422,0
2023,Kepulauan Bangka Belitung,0.28647954746561777,0.29728055129258346,0.2973446218530167,0.11889527938878201,2
2023,Kepulauan Riau,0.3010892365230314,0.2992882804209346,0.29927542940840973,0.10034705364762425,0
2023,Lampung,0.31768560264473233,0.30620144013597234,0.3061326828903852,0.06998027432891013,0
2023,Maluku,0.2410183510273004,0.24423148661044036,0.24425071533700735,0.27049944702525197,3
2023,Maluku Utara,0.28287136299487037,0.2832058482470404,0.28320698129203925,0.1507158074660499,2
2023,Nusa Tenggara Barat,0.2585994986187089,0.2602332771659422,0.26024264626105675,0.22092457795429218,2
2023,Nusa Tenggara Timur,0.07822655735526873,0.08135949448795879,0.08137893124129335,0.7590350169154793,3
2023,Papua,0.18475723533901262,0.18818009782071715,0.1882009795240279,0.43886168731624237,3
2023,Papua Barat,0.1992326807526668,0.2020434188492618,0.2020605253147879,0.39666337508328336,3
2023,Papua Barat Daya,0.1894241765054475,0.19266814421469938,0.19268792902739726,0.42521975025245584,3
2023,Papua Pegunungan,0.223062638916772,0.22486784671096086,0.22487879859680793,0.3271907157754593,3
2023,Papua Selatan,0.20948494416355998,0.21218500425360676,0.21220140945218394,0.3661286421306494,3
2023,Papua Tengah,0.24278630161109244,0.24422179874202118,0.24423039955957723,0.2687615000873091,3
2023,Riau,0.20901793757394302,0.21446076139816894,0.2144939533107761,0.36202734771711204,3
2023,Sulawesi Barat,0.27765799847626227,0.2767615185730248,0.2767555354805645,0.16882494747014845,0
2023,Sulawesi Selatan,0.3179997918180871,0.31331755104675685,0.31328520671176996,0.05539745042338618,0
2023,Sulawesi Tengah,0.22335071498976405,0.22667637783169858,0.2266964333230287,0.3232764738555087,3
2023,Sulawesi Tenggara,0.3082528618510005,0.30216781349232785,0.3021302360413569,0.08744908861531468,0
2023,Sulawesi Utara,0.27279212869061625,0.27651867086538323,0.2765402936176628,0.17414890682633782,2
2023,Sumatera Barat,0.320878127841308,0.30507085284803975,0.3049787582402541,0.06907226107039824,0
2023,Sumatera Selatan,0.305225409637618,0.29644888203898073,0.2963967163280852,0.1019289919953161,0
2023,Sumatera Utara,0.1986410539817886,0.20386122344202906,0.20389309337429204,0.3936046292018903,3
2024,Aceh,0.13006797972696515,0.13467392890091598,0.13470236730072113,0.6005557240713978,3
2024,Bali,0.2558027298677953,0.2571040310610061,0.25711164144955584,0.22998159762164286,2
2024,Banten,0.27204611826620834,0.27039606640310987,0.27038590805223506,0.1871719072784467,0
2024,Bengkulu,0.29629446890296035,0.28860840140215344,0.28856307099146017,0.12653405870342602,0
2024,DKI Jakarta,0.2633255371409566,0.2624113094827908,0.2624056792330817,0.21185747414317088,0
2024,Daerah Istimewa Yogyakarta,0.28203319399226,0.2790992477785034,0.2790812990856534,0.1597862591435831,0
2024,Gorontalo,0.21363496723515196,0.21687066402135352,0.21689029554040007,0.35260407320309445,3
2024,Jambi,0.31108772988332634,0.3029706030722584,0.3029210777954603,0.08302058924895489,0
2024,Jawa Barat,0.2896929351221899,0.28711140210868263,0.28709498250157783,0.13610068026754965,0
2024,Jawa Tengah,0.3061445675252767,0.3021019923393848,0.30207562461683135,0.08967781551850713,0
2024,Jawa Timur,0.32328405331050153,0.3069881995610478,0.3068927632663638,0.0628349838620869,0
2024,Kalimantan Barat,0.2848910210391981,0.2822363925466801,0.2822200518525227,0.1506525345615992,0
2024,Kalimantan Selatan,0.30556367952140734,0.29624737241061444,0.2961922322464036,0.1019967158215746,0
2024,Kalimantan Tengah,0.2566442657582239,0.26344853847766503,0.26348935033852006,0.21641784542559103,2
2024,Kalimantan Timur,0.31969169146824045,0.30401876705323744,0.30392760327015533,0.07236193820836674,0
2024,Kalimantan Utara,0.280188969580789,0.2772138717514126,0.2771958643333743,0.16540129433442416,0
2024,Kepulauan Bangka Belitung,0.25055755414658837,0.2526382415018644,0.25265059427739067,0.24415361007415662,2
2024,Kepulauan Riau,0.30501536369898197,0.29779549385491577,0.297751799045463,0.09943734340063924,0
2024,Lampung,0.28863603241893343,0.28821333953832873,0.2882097342458399,0.13494089379689786,0
2024,Maluku,0.20448605357463956,0.20720656377104435,0.20722312213480948,0.38108426051950656,3
2024,Maluku Utara,0.2828713629948703,0.2832058482470404,0.28320698129203936,0.1507158074660499,2
2024,Nusa Tenggara Barat,0.19433941518094394,0.2006833878018112,0.20072223433153258,0.40425496268571226,3
2024,Nusa Tenggara Timur,0.12116437998699565,0.12496727070887047,0.12499071406610146,0.6288776352380324,3
2024,Papua,0.20916792902504897,0.21331864053314334,0.21334383719992583,0.36416959324188186,3
2024,Papua Barat,0.22444907727307403,0.22651361577259654,0.2265260942535254,0.3225112127008041,3
2024,Papua Barat Daya,0.1597054683296995,0.16351409140486578,0.16353742139547683,0.5132430188699578,3
2024,Papua Pegunungan,0.223062638916772,0.22486784671096086,0.22487879859680793,0.3271907157754593,3
2024,Papua Selatan,0.2237098122794212,0.22623714838544673,0.2262524381678351,0.323800601167297,3
2024,Papua Tengah,0.24278630161109244,0.24422179874202118,0.24423039955957723,0.2687615000873091,3
2024,Riau,0.2700065452241047,0.27019665199824316,0.27019737919200326,0.18959942358564874,2
2024,Sulawesi Barat,0.2950894430095072,0.2974702455502494,0.29748229391871117,0.10995801752153221,2
2024,Sulawesi Selatan,0.31959682617566115,0.3144849909858721,0.3144496680270533,0.05146851481141326,0
2024,Sulawesi Tengah,0.18716976195138393,0.19109334654454846,0.19111727725709082,0.43061961424697676,3
2024,Sulawesi Tenggara,0.29166356780162234,0.28814146657042355,0.2881197661770273,0.1320751994509269,0
2024,Sulawesi Utara,0.24779864345368163,0.25275126438615786,0.25278097028065843,0.24666912187950207,2
2024,Sumatera Barat,0.30819867533325485,0.3015732675020616,0.30153263343172027,0.08869542373296319,0
2024,Sumatera Selatan,0.2718540997638526,0.2801564046148861,0.2802060823725057,0.16778341324875565,2
2024,Sumatera Utara,0.2850771656820093,0.2853355951174938,0.2853361919597797,0.14425104724071725,2
2025,Aceh,0.19127164985932174,0.19805473042628083,0.19809646670763176,0.4125771530067656,3
2025,Bali,0.2518930019976452,0.25343434156558525,0.2534434463751665,0.241229210061603,2
2025,Banten,0.23957700443464136,0.24084498063465484,0.24085256337334596,0.27872545155735784,3
2025,Bengkulu,0.2504512254250203,0.2516600656179445,0.25166717583766274,0.24622153311937245,2
2025,DKI Jakarta,0.26251878064435735,0.2616724821321212,0.261667267053898,0.21414147016962348,0
2025,Daerah Istimewa Yogyakarta,0.2843116444316759,0.28116855824879056,0.28114935869355184,0.15337043862598168,0
2025,Gorontalo,0.2498328839754497,0.2533535376718795,0.2533745698501346,0.2434390085025362,2
2025,Jambi,0.2789878684228376,0.2848357596020559,0.28486990699499726,0.1513064649801092,2
2025,Jawa Barat,0.2895471627503621,0.28729174601794677,0.28727723499664976,0.13588385623504146,0
2025,Jawa Tengah,0.2905266487470084,0.2850656815754557,0.28503300865893155,0.13937466101860432,0
2025,Jawa Timur,0.3202110777860221,0.3036992903471052,0.30360371403030467,0.07248591783656805,0
2025,Kalimantan Barat,0.28017438069395295,0.2798844765595541,0.27988197964071526,0.1600591631057778,0
2025,Kalimantan Selatan,0.3202842802185984,0.30497242274965625,0.3048830054996254,0.06986029153211998,0
2025,Kalimantan Tengah,0.3079356757663955,0.30868999296970123,0.30869057072981765,0.07468376053408562,2
2025,Kalimantan Timur,0.322539468690819,0.305181596176358,0.3050811883935449,0.06719774673927811,0
2025,Kalimantan Utara,0.2888965402601449,0.2839651469277313,0.28393565925332304,0.14320265355880074,0
2025,Kepulauan Bangka Belitung,0.29366137957762345,0.2880507840762261,0.2880172103773396,0.1302706259688109,0
2025,Kepulauan Riau,0.2883578886072441,0.28715925712234247,0.2871512117957271,0.13733164247468635,0
2025,Lampung,0.2608013119487414,0.26037364891107384,0.26037092746507945,0.2184541116751053,0
2025,Maluku,0.13610772223059883,0.1399339991993295,0.1399574953397315,0.5840007832303401,3
2025,Maluku Utara,0.2828713629948703,0.2832058482470404,0.28320698129203936,0.1507158074660499,2
2025,Nusa Tenggara Barat,0.23716989873841957,0.24127502072536194,0.24129961261503952,0.280255467921179,3
2025,Nusa Tenggara Timur,0.11218734784944044,0.11731337729301966,0.11734526537205424,0.6531540094854857,3
2025,Papua,0.1668753224177724,0.17129258282273843,0.1713196457586778,0.4905124490008113,3
2025,Papua Barat,0.22501552108710593,0.22704273552189258,0.22705498943398292,0.3208867539570186,3
2025,Papua Barat Daya,0.27712708009139186,0.2751503278203074,0.2751381248244197,0.1725844672638811,0
2025,Papua Pegunungan,0.223062638916772,0.22486784671096086,0.22487879859680793,0.3271907157754593,3
2025,Papua Selatan,0.215692850734905,0.21930366399208703,0.2193255623110629,0.34567792296194516,3
2025,Papua Tengah,0.24278630161109244,0.24422179874202118,0.24423039955957723,0.2687615000873091,3
2025,Riau,0.2866562274136766,0.2842111044524351,0.2841958119351817,0.14493685619870667,0
2025,Sulawesi Barat,0.27765799847626227,0.2767615185730248,0.2767555354805645,0.16882494747014845,0
2025,Sulawesi Selatan,0.3092308104728266,0.3186086764982753,0.31865960766812956,0.053500905360768576,2
2025,Sulawesi Tengah,0.2259875113672471,0.22839393457629914,0.2284084841700349,0.31721006988641887,3
2025,Sulawesi Tenggara,0.2878835296311898,0.28515696546903574,0.28514002679730377,0.14181947810247067,0
2025,Sulawesi Utara,0.28559008099065275,0.285936751642289,0.2859377916215908,0.1425353757454675,2
2025,Sumatera Barat,0.3058641142803415,0.2977548788181507,0.2977063701473097,0.09867463675419802,0
2025,Sumatera Selatan,0.27958883255518974,0.2769382547420575,0.276922206691063,0.16655070601168975,0
2025,Sumatera Utara,0.2971464689851178,0.2948704581419193,0.2948555269264839,0.11312754594647893,0
