Tahun,Provinsi,u_cluster_0,u_cluster_1,u_cluster_2,u_cluster_3,label
2019,Aceh,0.18703608265070712,0.19010444661932827,0.19004040546565218,0.43281906526431246,3
2019,Bali,0.24911937448115828,0.2511096952510985,0.251069117326892,0.24870181294085109,1
2019,Banten,0.2540596933369689,0.254310035149987,0.2543052818382508,0.23732498967479326,1
2019,Bengkulu,0.25946002343194385,0.26069706068296133,0.2606723154470025,0.21917060043809236,1
2019,DKI Jakarta,0.2568860457264477,0.25673009846225203,0.256733558360773,0.2296502974505273,0
2019,Daerah Istimewa Yogyakarta,0.2870468191311111,0.28264803673587774,0.2827383759143279,0.14756676821868328,0
2019,Gorontalo,0.28700932284286845,0.2876092165013042,0.2875996890294092,0.1377817716264181,1
2019,Jambi,0.22447625013391953,0.2285202346829124,0.22843654724194631,0.31856696794122175,3
2019,Jawa Barat,0.26932685149897634,0.26852942348406106,0.2685467491924544,0.1935969758245082,0
2019,Jawa Tengah,0.3088143870853796,0.29818379988188953,0.29839804989439334,0.09460376313833753,0
2019,Jawa Timur,0.3098425119880911,0.2984416753833696,0.2986703958558893,0.09304541677265002,0
2019,Kalimantan Barat,0.28829066954313015,0.2893981789684663,0.2893792763627262,0.13293187512567728,1
2019,Kalimantan Selatan,0.30728759210977674,0.2969400862668507,0.2971481158990036,0.09862420572436899,0
2019,Kalimantan Tengah,0.314837000060769,0.30424689021487916,0.3044628938807084,0.07645321584364355,0
2019,Kalimantan Timur,0.3097833110220932,0.30003601910248817,0.30023416266392006,0.08994650721149847,0
2019,Kalimantan Utara,0.288587557834077,0.28445747702283536,0.28454253373359323,0.1424124314094944,0
2019,Kepulauan Bangka Belitung,0.20982169481094473,0.21259497067405383,0.21253733508075215,0.3650459994342492,3
2019,Kepulauan Riau,0.28083351460557804,0.2874850989150492,0.2873505611106276,0.14433082536874514,1
2019,Lampung,0.26716750462651134,0.2670281124763301,0.2670318943009962,0.19877248859616237,0
2019,Maluku,0.2662450948532147,0.2735178901070209,0.27336800395765815,0.18686901108210635,1
2019,Maluku Utara,0.2634229373060087,0.26461909361517993,0.26459549254180104,0.20736247653701032,1
2019,Nusa Tenggara Barat,0.27065312832729116,0.26996424341410197,0.2699793451216115,0.1894032831369954,0
2019,Nusa Tenggara Timur,0.1072528068863793,0.11131571205302788,0.11122957893535755,0.6702019021252353,3
2019,Papua,0.2325812564134396,0.23443846998942247,0.2344001697339558,0.29858010386318223,3
2019,Papua Barat,0.24235468237248917,0.24337141912148527,0.24335052055570405,0.2709233779503215,3
2019,Riau,0.23883330476025014,0.24144411660903214,0.24139060600732537,0.2783319726233924,3
2019,Sulawesi Barat,0.2813031898783064,0.2780749246591324,0.278141502014745,0.1624803834478162,0
2019,Sulawesi Selatan,0.31529963507079023,0.3104693922992851,0.3105774451527199,0.06365352747720476,0
2019,Sulawesi Tengah,0.21384041223358716,0.21825306474719394,0.218161230688601,0.3497452923306179,3
2019,Sulawesi Tenggara,0.2721538210083488,0.273437513379125,0.27341261140409656,0.18099605420842976,1
2019,Sulawesi Utara,0.2833894687629845,0.2819216415149966,0.28195353423320496,0.15273535548881395,0
2019,Sumatera Barat,0.31209750447540885,0.3019742562110364,0.3021800487468511,0.08374819056670363,0
2019,Sumatera Selatan,0.27895652500705714,0.27667221572071443,0.27671995014554296,0.16765130912668547,0
2019,Sumatera Utara,0.26067274775577876,0.2641749542507674,0.2641038462279125,0.2110484517655414,1
2020,Aceh,0.20789696878467734,0.21023745449314662,0.21018872552730913,0.3716768511948669,3
2020,Bali,0.24066130494072802,0.24231137338717001,0.24227745910856435,0.27474986256353756,3
2020,Banten,0.2580314856567512,0.2579257733125819,0.2579283865754922,0.2261143544551747,0
2020,Bengkulu,0.30892221080262555,0.29978192723197983,0.2999679556697099,0.09132790629568482,0
2020,DKI Jakarta,0.2586434659919842,0.2582706161678556,0.2582785958571585,0.22480732198300168,0
2020,Daerah Istimewa Yogyakarta,0.2928002535783096,0.2867455072297988,0.2868687855482374,0.1335854536436542,0
2020,Gorontalo,0.3102564863150814,0.29966577216193097,0.29987916538086057,0.09019857614212701,0
2020,Jambi,0.19012251503144614,0.19478055051975451,0.19468316385324688,0.4204137705955524,3
2020,Jawa Barat,0.29263745237694416,0.28895630871149136,0.2890337217623791,0.1293725171491854,0
2020,Jawa Tengah,0.31125700031996306,0.3045551354809725,0.30469702340908417,0.07949084078998023,0
2020,Jawa Timur,0.3071095604264926,0.29670550766547304,0.2969146671252608,0.09927026478277345,0
2020,Kalimantan Barat,0.3090137406098708,0.30031191584172234,0.3004899406738978,0.09018440287450903,0
2020,Kalimantan Selatan,0.3063238754665245,0.2963150881132626,0.29651645444887675,0.10084458197133618,0
2020,Kalimantan Tengah,0.3134228573941862,0.3059407955372853,0.3060975412827217,0.07453880578580675,0
2020,Kalimantan Timur,0.3098344777294799,0.29879175411994924,0.29901381630806945,0.09235995184250144,0
2020,Kalimantan Utara,0.2885718753131033,0.2849342350581009,0.2850097952813043,0.1414840943474915,0
2020,Kepulauan Bangka Belitung,0.27230374208118097,0.27421163686147326,0.27417418037516295,0.17931044068218285,1
2020,Kepulauan Riau,0.2819908692587009,0.28279843847708735,0.28278455762124505,0.15242613464296675,1
2020,Lampung,0.264102509569449,0.27084857543298746,0.2707097011599979,0.1943392138375657,1
2020,Maluku,0.18158208607804868,0.18474121181858422,0.1846752415215528,0.4490014605818143,3
2020,Maluku Utara,0.28397065767822177,0.28259085732084194,0.28262090136780915,0.15081758363312714,0
2020,Nusa Tenggara Barat,0.21759036511630164,0.22051742887767367,0.22045680440751184,0.3414354015985129,3
2020,Nusa Tenggara Timur,0.17294258576154178,0.18091205103723065,0.18074276233070533,0.4654026008705223,3
2020,Papua,0.18766275447087719,0.19113539285926415,0.19106290274133533,0.4301389499285233,3
2020,Papua Barat,0.24259865333855432,0.24376473508133356,0.2437408121837065,0.2698957993964056,3
2020,Riau,0.21219512917912609,0.21448589925880843,0.21443830461024943,0.35888066695181614,3
2020,Sulawesi Barat,0.2524700750213489,0.25358338752151954,0.2535610216521346,0.24038551580499695,1
2020,Sulawesi Selatan,0.31174637939644684,0.30916212598410725,0.30922422970649277,0.06986726491295321,0
2020,Sulawesi Tengah,0.28945862392025296,0.28547869090193134,0.2855611149986346,0.1395015701791811,0
2020,Sulawesi Tenggara,0.30986535146213495,0.30275948677312003,0.30290734789148105,0.084467813873264,0
2020,Sulawesi Utara,0.2566876952775094,0.2564200638900084,0.2564257862840816,0.23046645454840065,0
2020,Sumatera Barat,0.3170840466949749,0.3048312117035097,0.3050786775777805,0.07300606402373488,0
2020,Sumatera Selatan,0.3103209345220543,0.30031808403382027,0.30052119215082435,0.0888397892933011,0
2020,Sumatera Utara,0.30468767430528054,0.29889754929493506,0.29901828065854685,0.0973964957412375,0
2021,Aceh,0.15372945855074532,0.1571847202596776,0.1571122500280689,0.5319735711615081,3
2021,Bali,0.2437628928534568,0.24568934425039402,0.24564987422832804,0.2648978886678211,3
2021,Banten,0.2651366441262243,0.2648241931157584,0.264831481091411,0.2052076816666063,0
2021,Bengkulu,0.269671232041256,0.2692523920375685,0.269261789513959,0.1918145864072164,0
2021,DKI Jakarta,0.2633728473466391,0.2625398599742702,0.2625573954265344,0.2115298972525562,0
2021,Daerah Istimewa Yogyakarta,0.27449489750404,0.27245265074538394,0.27249510878509886,0.18055734296547724,0
2021,Gorontalo,0.23310743484649682,0.23433455461533195,0.2343091395533062,0.2982488709848651,3
2021,Jambi,0.2659457300280955,0.26591282780179715,0.2659144432711508,0.2022269988989566,0
2021,Jawa Barat,0.2863129982441893,0.2837502295290975,0.2838047331341762,0.14613203909253702,0
2021,Jawa Tengah,0.30619504348913346,0.30233744319356237,0.3024224457012574,0.08904506761604684,0
2021,Jawa Timur,0.3095809726032657,0.29936238732025694,0.2995691687337552,0.09148747134272221,0
2021,Kalimantan Barat,0.3006994411543269,0.29384773171324835,0.2939879374218964,0.1114648897105284,0
2021,Kalimantan Selatan,0.31053319890576847,0.299026344166015,0.29925711990656917,0.09118333702164742,0
2021,Kalimantan Tengah,0.2556183634846785,0.26125420946827266,0.2611382187954586,0.2219892082515903,1
2021,Kalimantan Timur,0.3198972793200415,0.30477110569075455,0.30507273160999604,0.07025888337920788,0
2021,Kalimantan Utara,0.279715630359202,0.27674898642861584,0.2768100908041186,0.16672529240806366,0
2021,Kepulauan Bangka Belitung,0.23881738277061204,0.24207947589555392,0.24201232174687962,0.27709081958695436,3
2021,Kepulauan Riau,0.2353555434639327,0.23775958733355604,0.2377101931901253,0.289174676012386,3
2021,Lampung,0.2721871909384542,0.2805675017162758,0.2803952619492959,0.16685004539597406,1
2021,Maluku,0.16438563762383787,0.16768228169195173,0.16761320697365148,0.5003188737105589,3
2021,Maluku Utara,0.25004318996175245,0.25187942220174725,0.25184199245141026,0.24623539538509,1
2021,Nusa Tenggara Barat,0.2374593803054126,0.2408266941541781,0.24075756038510465,0.28095636515530464,3
2021,Nusa Tenggara Timur,0.2299559197951012,0.23487244741752988,0.23477070615580853,0.3004009266315604,3
2021,Papua,0.2241886443502059,0.2324667346374215,0.23229270716269693,0.3110519138496756,3
2021,Papua Barat,0.21687082450937828,0.21893675694013878,0.21889386182009077,0.3452985567303922,3
2021,Riau,0.2982213706837035,0.2918250669651015,0.2919558261083441,0.1179977362428508,0
2021,Sulawesi Barat,0.2775947728204654,0.2767832980945288,0.27680163100384153,0.16882029808116425,0
2021,Sulawesi Selatan,0.3053145962317275,0.3041967809349645,0.30422685351141465,0.08626176932189338,0
2021,Sulawesi Tengah,0.217305043770724,0.22027415223708666,0.2202126306211378,0.34220817337105164,3
2021,Sulawesi Tenggara,0.2982145213073089,0.29332449604003047,0.2934262510534935,0.11503473159916709,0
2021,Sulawesi Utara,0.2910599603920693,0.2929188294176814,0.29288536078286165,0.12313584940738764,1
2021,Sumatera Barat,0.3101801569272198,0.3002363708149403,0.30043771542054115,0.0891457568372987,0
2021,Sumatera Selatan,0.3204191964914566,0.30594898803997395,0.3062395609597906,0.06739225450877882,0
2021,Sumatera Utara,0.17872281076755847,0.1828336490233959,0.1827476807702914,0.4556958594387542,3
2022,Aceh,0.14012905501760162,0.14534234184837835,0.14523197382596542,0.5692966293080547,3
2022,Bali,0.2514879355295473,0.2527768789746519,0.2527506957275705,0.2429844897682303,1
2022,Banten,0.26677590154272135,0.26655294926653567,0.2665585959698255,0.20011255322091748,0
2022,Bengkulu,0.284712812790253,0.2810334664986763,0.2811092352439034,0.15314448546716733,0
2022,DKI Jakarta,0.2607718937910682,0.2622301783990102,0.26220101786621064,0.214796909943711,1
2022,Daerah Istimewa Yogyakarta,0.2921967670564646,0.2873298318308097,0.28742997401013487,0.13304342710259084,0
2022,Gorontalo,0.23064724474013082,0.23462678693106576,0.23454439533483495,0.30018157299396847,3
2022,Jambi,0.2554574367955381,0.2590541372740715,0.25898065529226993,0.22650777063812044,1
2022,Jawa Barat,0.2784309813100653,0.27748089786349445,0.2775023341549057,0.16658578667153462,0
2022,Jawa Tengah,0.3054420344190501,0.30235148742252566,0.3024215621090217,0.08978491604940263,0
2022,Jawa Timur,0.3136197664616867,0.302345264175023,0.3025736595582422,0.08146130980504807,0
2022,Kalimantan Barat,0.2865579107338873,0.285826782966761,0.2858443909051399,0.1417709153942117,0
2022,Kalimantan Selatan,0.3128323928851969,0.30128638393142326,0.3015189374056028,0.084362285777777,0
2022,Kalimantan Tengah,0.2590707936290419,0.26431193422831767,0.26420439830533193,0.21241287383730847,1
2022,Kalimantan Timur,0.31203804197936086,0.3000360466622004,0.3002766174468319,0.08764929391160692,0
2022,Kalimantan Utara,0.27972137922468243,0.2767539234667198,0.2768150445810403,0.16670965272755742,0
2022,Kepulauan Bangka Belitung,0.27835757234738384,0.27990871946741264,0.2798789596706012,0.1618547485146023,1
2022,Kepulauan Riau,0.2574153715319045,0.2581663768754259,0.2581515268920996,0.22626672470057,1
2022,Lampung,0.30860988250193166,0.29882046135386703,0.29901855308235487,0.09355110306184647,0
2022,Maluku,0.29366793220630333,0.29028048901742765,0.29035154818506004,0.1257000305912091,0
2022,Maluku Utara,0.22329344046451485,0.2251900817367485,0.22515079209059818,0.3263656857081384,3
2022,Nusa Tenggara Barat,0.22735462429245865,0.23163418557135684,0.23154578191450656,0.30946540822167795,3
2022,Nusa Tenggara Timur,0.18917722164405773,0.19427562963449138,0.1941687797263245,0.42237836899512643,3
2022,Papua,0.21911912865538927,0.22104318930770867,0.22100323296782198,0.33883444906908006,3
2022,Papua Barat,0.21841851040172158,0.22033409824130337,0.2202942955334143,0.34095309582356076,3
2022,Papua Barat Daya,0.15998313979554232,0.1634153215791688,0.16334340315118134,0.5132581354741076,3
2022,Papua Pegunungan,0.22319579471077194,0.22482183285486382,0.22478804728688254,0.32719432514748176,3
2022,Papua Selatan,0.24611641605221063,0.249448970834952,0.24938049995328596,0.2550541131595514,3
2022,Papua Tengah,0.24289347022153698,0.24418574143482347,0.24415918316872054,0.26876160517491904,3
2022,Riau,0.25455617783435763,0.25926351733644104,0.25916705694981285,0.22701324787938842,1
2022,Sulawesi Barat,0.2775947728204654,0.2767832980945288,0.27680163100384153,0.16882029808116425,0
2022,Sulawesi Selatan,0.31427063488970935,0.30652441008332176,0.30668680793977493,0.072518147087194,0
2022,Sulawesi Tengah,0.18629818101258683,0.1907012996552203,0.19060923655263537,0.4323912827795575,3
2022,Sulawesi Tenggara,0.3055957594210254,0.2992170216336379,0.29934947184713934,0.0958377470981974,0
2022,Sulawesi Utara,0.28938598645654723,0.2915066251604958,0.29146708418125106,0.12764030420170605,1
2022,Sumatera Barat,0.3173672386446683,0.30418130526634557,0.3044460167070517,0.07400543938193445,0
2022,Sumatera Selatan,0.31668716590148754,0.30316216127487156,0.3034329189360583,0.07671775388758272,0
2022,Sumatera Utara,0.2740767047164439,0.27943568916896405,0.27932735871989,0.16716024739470206,1
2023,Aceh,0.11955163276094065,0.12385006856785681,0.12375907203603931,0.6328392266351632,3
2023,Bali,0.25640694318698576,0.2574325836801681,0.2574119627507711,0.22874851038207497,1
2023,Banten,0.2691763157984678,0.2679976765200317,0.2680226110469054,0.1948033966345951,0
2023,Bengkulu,0.29904817435361203,0.2915321007610527,0.2916846347089695,0.11773509017636574,0
2023,DKI Jakarta,0.26337574872924313,0.26254253600575506,0.26256007616853133,0.21152163909647048,0
2023,Daerah Istimewa Yogyakarta,0.2811984484604007,0.2784139287819867,0.2784718651449042,0.16191575761270852,0
2023,Gorontalo,0.23161158377556954,0.23441907405669704,0.234361143271717,0.29960819889601653,3
2023,Jambi,0.28434053640565576,0.2823354236823697,0.28237828340054194,0.15094575651143266,0
2023,Jawa Barat,0.2762418911041435,0.27525118208090044,0.2752731565278162,0.1732337702871398,0
2023,Jawa Tengah,0.3059947644288127,0.3036995689486084,0.3037543958662291,0.08655127075634979,0
2023,Jawa Timur,0.3147293098985175,0.3023323546170836,0.30258187838299305,0.08035645710140585,0
2023,Kalimantan Barat,0.286927725316836,0.2848467479873753,0.2848912047459259,0.14333432194986284,0
2023,Kalimantan Selatan,0.3087999511098038,0.29794324073986045,0.29816140297665317,0.09509540517368267,0
2023,Kalimantan Tengah,0.290090955379352,0.29965358487097604,0.2994589948517688,0.11079646489790318,1
2023,Kalimantan Timur,0.30946959421034387,0.2983881702042126,0.2986107612925761,0.09353147429286741,0
2023,Kalimantan Utara,0.2795129706027546,0.27688319249229204,0.2769377117652493,0.1666661251397041,0
2023,Kepulauan Bangka Belitung,0.28728919977645845,0.2970093179023322,0.2968112949889852,0.11889018733222421,1
2023,Kepulauan Riau,0.3009648468467911,0.29932845323673396,0.29936766055952185,0.10033903935695314,0
2023,Lampung,0.31682908802971593,0.3064905764827251,0.3067029127318758,0.06997742275568315,0
2023,Maluku,0.24125873892106436,0.24415114870853583,0.24409176685600434,0.2704983455143955,3
2023,Maluku Utara,0.2829014135366232,0.28319626349273214,0.28319256111239527,0.1507097618582494,1
2023,Nusa Tenggara Barat,0.2587242251789628,0.26019197368578156,0.2601629450441076,0.220920856091148,1
2023,Nusa Tenggara Timur,0.07845164520415103,0.0812765744730325,0.08121671627289268,0.7590550640499237,3
2023,Papua,0.18500820129920412,0.18809216496574604,0.18802777369120674,0.4388718600438431,3
2023,Papua Barat,0.19943914150462883,0.20197129443186468,0.2019185351662752,0.39667102889723127,3
2023,Papua Barat Daya,0.18966200494492683,0.19258474672713322,0.19252373658346664,0.42522951174447327,3
2023,Papua Pegunungan,0.22319579471077194,0.22482183285486382,0.22478804728688254,0.32719432514748176,3
2023,Papua Selatan,0.20968387798525184,0.21211613480798786,0.2120655317652373,0.36613445544152307,3
2023,Papua Tengah,0.24289347022153698,0.24418574143482347,0.24415918316872054,0.26876160517491904,3
2023,Riau,0.20942096756476603,0.21432496463566472,0.21422260691988845,0.36203146087968086,3
2023,Sulawesi Barat,0.2775947728204654,0.2767832980945288,0.2768016310038416,0.1688202980811642,0
2023,Sulawesi Selatan,0.31766847626918704,0.31342158102086,0.31352047391921906,0.05538946879073395,0
2023,Sulawesi Tengah,0.22359795389497095,0.22659273123738244,0.22653083273022212,0.3232784821374245,3
2023,Sulawesi Tenggara,0.3078045877903838,0.30231820532100984,0.3024339868972573,0.08744321999134903,0
2023,Sulawesi Utara,0.27307496335580145,0.276424785889884,0.2763578492072591,0.17414240154705546,1
2023,Sumatera Barat,0.31968779439217804,0.3054767535295221,0.3057617352878774,0.06907371679042244,0
2023,Sumatera Selatan,0.30456930142491145,0.2966714132029978,0.29683259312232874,0.10192669224976197,0
2023,Sumatera Utara,0.1990265575929467,0.20373016578519632,0.2036318937764853,0.3936113828453717,3
2024,Aceh,0.1304034366565241,0.1345557516318419,0.1344681369872125,0.6005726747244216,3
2024,Bali,0.25590127851757644,0.25707141846628667,0.2570478746139387,0.2299794284021982,1
2024,Banten,0.271924790152501,0.27043740400424,0.270468708395739,0.18716909744752,0
2024,Bengkulu,0.29571800205409193,0.28880421481506624,0.28894435326360085,0.12653342986724092,0
2024,DKI Jakarta,0.2632584487482937,0.26243432939101824,0.2624516794651697,0.21185554239551843,0
2024,Daerah Istimewa Yogyakarta,0.28181655051071913,0.27917264034049444,0.2792279780194657,0.1597828311293207,0
2024,Gorontalo,0.21387431073490137,0.21678890894357244,0.21672834686420647,0.3526084334573198,3
2024,Jambi,0.31048650354584945,0.3031723455668305,0.303325075378228,0.083016075509092,0
2024,Jawa Barat,0.2895053183458125,0.28717437838672527,0.28722486026260263,0.1360954430048595,0
2024,Jawa Tengah,0.30585276368589076,0.30219764990327647,0.30227857789816565,0.08967100851266706,0
2024,Jawa Timur,0.32205913640967543,0.3074049155440293,0.3077001266341052,0.06283582141219009,0
2024,Kalimantan Barat,0.28469585644472734,0.2823028856081165,0.28235324342949175,0.15064801451766444,0
2024,Kalimantan Selatan,0.3048660373209744,0.29648418096725815,0.29665460455643433,0.10199517715533307,0
2024,Kalimantan Tengah,0.25715303298661557,0.263279069238835,0.2631530502791818,0.21641484749536768,1
2024,Kalimantan Timur,0.31851065443435217,0.3044216378844506,0.30470377136406057,0.0723639363171367,0
2024,Kalimantan Utara,0.27996850065666784,0.27728891607549677,0.27734447846842003,0.16539810479941539,0
2024,Kepulauan Bangka Belitung,0.2507141301782167,0.25258641420302197,0.2525482434472126,0.24415121217154878,1
2024,Kepulauan Riau,0.3044793642538736,0.29797640708728185,0.2981112353228072,0.09943299333603735,0
2024,Lampung,0.28861036802763645,0.28822210655249847,0.2882329890833975,0.13493453633646754,0
2024,Maluku,0.20468608881756348,0.2071369690553523,0.207085900355225,0.3810910417718592,3
2024,Maluku Utara,0.2829014135366232,0.2831962634927321,0.28319256111239527,0.15070976185824944,1
2024,Nusa Tenggara Barat,0.1948082297273037,0.20052532986471472,0.2004055705063649,0.40426086990161664,3
2024,Nusa Tenggara Timur,0.12143920813050843,0.12486722157731389,0.12479498911928079,0.6288985811728969,3
2024,Papua,0.20947551427176042,0.2132144357058296,0.21313670838227636,0.3641733416401337,3
2024,Papua Barat,0.22460198411460744,0.2264612835388349,0.22642277766384386,0.3225139546827138,3
2024,Papua Barat Daya,0.15998313979554232,0.1634153215791688,0.16334340315118134,0.5132581354741076,3
2024,Papua Pegunungan,0.22319579471077194,0.22482183285486382,0.22478804728688254,0.32719432514748176,3
2024,Papua Selatan,0.22389714432294944,0.22617334973660264,0.22612617175217317,0.3238033341882747,3
2024,Papua Tengah,0.24289347022153698,0.24418574143482347,0.24415918316872054,0.26876160517491904,3
2024,Riau,0.2700235657938625,0.27019173892198844,0.2701893971954944,0.1895952980886547,1
2024,Sulawesi Barat,0.29527765922157906,0.29740514326457224,0.29736741807713596,0.10994977943671277,1
2024,Sulawesi Selatan,0.3192350733566091,0.31459827909109594,0.3147062804857637,0.05146036706653121,0
2024,Sulawesi Tengah,0.1874582270014,0.1909933243254241,0.1909195291076109,0.43062891956556504,3
2024,Sulawesi Tenggara,0.29140434436880525,0.2882292642953547,0.2882961346515743,0.13207025668426559,0
2024,Sulawesi Utara,0.2481693398849244,0.25262819034823963,0.2525364666387405,0.24666600312809545,1
2024,Sumatera Barat,0.30770911161054665,0.30173764231492256,0.301862903528182,0.08869034254634876,0
2024,Sumatera Selatan,0.27247533889235936,0.2799494484460335,0.2797960205639568,0.1677791920976503,1
2024,Sumatera Utara,0.2851017217439843,0.2853275544378023,0.2853254883212239,0.14424523549698953,1
2025,Aceh,0.19177159673883423,0.19788583168723212,0.19775721008860053,0.4125853614853332,3
2025,Bali,0.2520091237927396,0.25339575324566327,0.2533676080293617,0.24122751493223543,1
2025,Banten,0.23967154001010568,0.24081288528187964,0.2407894677132955,0.2787261069947192,3
2025,Bengkulu,0.2505425159636256,0.2516297811980025,0.25160779497006647,0.2462199078683054,1
2025,DKI Jakarta,0.2624567048853386,0.26169379641692786,0.26170986639089755,0.214139632306836,0
2025,Daerah Istimewa Yogyakarta,0.2840794534734707,0.2812472826786644,0.28130648345092146,0.1533667803969434,0
2025,Gorontalo,0.25009672188702564,0.25326573168934063,0.25320077090899407,0.24343677551463963,1
2025,Jambi,0.27942947284299124,0.28468793568156286,0.2845822750551568,0.15130031642028902,1
2025,Jawa Barat,0.2893841390635987,0.2873464555019817,0.2873910332216331,0.13587837221278654,0
2025,Jawa Tengah,0.29011941357837373,0.28520367403886554,0.2853045742512893,0.13937233813147137,0
2025,Jawa Timur,0.31896476535796003,0.30412522720205415,0.3044211246422187,0.07248888279776707,0
2025,Kalimantan Barat,0.2801573652371505,0.27989085681169934,0.27989839071611383,0.16005338723503637,0
2025,Kalimantan Selatan,0.31913228462387494,0.3053649769630557,0.30564162657427496,0.06986111183879438,0
2025,Kalimantan Tengah,0.3080089119372074,0.3086595926695752,0.3086568882779919,0.07467460711522546,1
2025,Kalimantan Timur,0.32122915524755163,0.30562963041443725,0.3059405028707372,0.06720071146727387,0
2025,Kalimantan Utara,0.28852879064425474,0.2840899033518929,0.2841809701942971,0.14320033580955524,0
2025,Kepulauan Bangka Belitung,0.2932431439113202,0.28819268692362293,0.28829636730701946,0.13026780185803744,0
2025,Kepulauan Riau,0.28827367897843,0.28718832566660585,0.2872129688687405,0.1373250264862236,0
2025,Lampung,0.26077056792915165,0.2603844237266215,0.2603927901795875,0.21845221816463936,0
2025,Maluku,0.13638521203953516,0.13983368097583476,0.13976126445444104,0.584019842530189,3
2025,Maluku Utara,0.2829014135366232,0.2831962634927321,0.28319256111239527,0.15070976185824944,1
2025,Nusa Tenggara Barat,0.2374769717986304,0.24117254001622482,0.24109660109742798,0.28025388708771687,3
2025,Nusa Tenggara Timur,0.1125612358584045,0.11718416202903845,0.11708597276571465,0.6531686293468424,3
2025,Papua,0.16719872090860674,0.17117945996494072,0.17109603428035494,0.4905257848460976,3
2025,Papua Barat,0.22516566494947118,0.2269913586576267,0.22695354597785083,0.32088943041505125,3
2025,Papua Barat Daya,0.27698199525458383,0.2751998473571193,0.2752374455806982,0.1725807118075987,0
2025,Papua Pegunungan,0.22319579471077194,0.22482183285486382,0.22478804728688254,0.32719432514748176,3
2025,Papua Selatan,0.21596033697737788,0.21921276799545725,0.21914521074219012,0.34568168428497476,3
2025,Papua Tengah,0.24289347022153698,0.24418574143482347,0.24415918316872054,0.26876160517491904,3
2025,Riau,0.2864775711215693,0.2842717161818324,0.28431878886710704,0.14493192382949127,0
2025,Sulawesi Barat,0.2775947728204654,0.2767832980945288,0.2768016310038416,0.1688202980811642,0
2025,Sulawesi Selatan,0.3099505351423599,0.31835763824972035,0.31819908262838376,0.05349274397953618,1
2025,Sulawesi Tengah,0.22616597855521778,0.2283332281637026,0.22828833197274667,0.31721246130833286,3
2025,Sulawesi Tenggara,0.2876837414377312,0.2852248099406354,0.28527697518877265,0.1418144734328608,0
2025,Sulawesi Utara,0.2856220353026475,0.2859266146455236,0.2859231617861958,0.14252818826563313,1
2025,Sumatera Barat,0.30525937628402317,0.2979596580845036,0.2981094677452364,0.09867149788623686,0
2025,Sumatera Selatan,0.27939259501785535,0.27700526967424505,0.27705478513227527,0.16654735017562436,0
2025,Sumatera Utara,0.2969834636527107,0.29492503738027304,0.29497084454663247,0.11312065442038377,0
