Tahun,Provinsi,u_cluster_0,u_cluster_1,u_cluster_2,u_cluster_3,label
2019,Aceh,0.18983779939839615,0.18738758658541393,0.43283129386689956,0.18994332014929036,2
2019,Bali,0.2509404486605192,0.24935214297265415,0.24869990754449317,0.2510075008223335,3
2019,Banten,0.2542893056222913,0.25408994382485,0.23732352043299434,0.2542972301198644,3
2019,Bengkulu,0.2605928077918953,0.2596061694494854,0.21916722918059217,0.26063379357802713,3
2019,DKI Jakarta,0.25674401122776364,0.2568687766255929,0.22964886148376004,0.2567383506628835,1
2019,Daerah Istimewa Yogyakarta,0.28302470907728094,0.28653567600238206,0.1475640488210261,0.2828755660993109,1
2019,Gorontalo,0.2875620462327419,0.2870864553049119,0.13777316617367663,0.2875783322886695,3
2019,Jambi,0.22817384694088316,0.22494525895518583,0.31856900895246476,0.22831188515146628,2
2019,Jawa Barat,0.2685991559659822,0.2692367460486291,0.193593356820064,0.26857074116532464,1
2019,Jawa Tengah,0.29908992902522913,0.3075700242386908,0.09460463162820373,0.29873541510787627,1
2019,Jawa Timur,0.299412688378678,0.30850583489428646,0.09304745307129791,0.29903402365573756,1
2019,Kalimantan Barat,0.28930830150404147,0.288428753935697,0.13292266992222865,0.28934027463803297,3
2019,Kalimantan Selatan,0.29782179314692525,0.3060753580292326,0.09862537643105984,0.2974774723927823,1
2019,Kalimantan Tengah,0.305151519134783,0.3136028385032188,0.07645103964497107,0.3047946027170271,1
2019,Kalimantan Timur,0.30086820104232287,0.3086458860894861,0.08994524066050387,0.30054067220768715,1
2019,Kalimantan Utara,0.284811482245631,0.2881082606082993,0.14240915018254577,0.2846711069635239,1
2019,Kepulauan Bangka Belitung,0.21235565728501,0.21014134172495993,0.36505232781957087,0.21245067317045918,2
2019,Kepulauan Riau,0.2869201881497348,0.2816127837065362,0.14432428482548545,0.2871427433182436,3
2019,Lampung,0.26704165795487067,0.26715396894423815,0.1987687749805686,0.26703559812032257,1
2019,Maluku,0.2728979105749449,0.2670918227380128,0.18686498445388708,0.27314528223315526,3
2019,Maluku Utara,0.2645190229732531,0.26356538680977576,0.2073574105547765,0.26455817966219475,3
2019,Nusa Tenggara Barat,0.27002485610274324,0.2705758111698867,0.18939921847561833,0.27000011425175174,1
2019,Nusa Tenggara Timur,0.11096069276439548,0.10771481952831699,0.6702221378754578,0.11110234983182976,2
2019,Papua,0.23427912306013413,0.23279657484861677,0.298581979920469,0.2343423221707801,2
2019,Papua Barat,0.2432843428514955,0.24247279255353876,0.270924023142945,0.2433188414520207,2
2019,Riau,0.2412212654269346,0.23913748182910807,0.2783316219985029,0.24130963074545436,2
2019,Sulawesi Barat,0.2783518377110308,0.2809288558675388,0.16247732741167567,0.27824197900975467,1
2019,Sulawesi Selatan,0.31088856536426657,0.3147549554768801,0.06364457083538248,0.3107119083234709,1
2019,Sulawesi Tengah,0.21787413766574468,0.21435063732838905,0.3497497148864896,0.2180255101193766,2
2019,Sulawesi Tenggara,0.2733305283889608,0.27230754920366235,0.18098998841131422,0.2733719339960626,3
2019,Sulawesi Utara,0.2820500429500303,0.28322373775094595,0.1527284846902621,0.28199773460876165,1
2019,Sumatera Barat,0.30283857878572856,0.3109163031870768,0.08374671215835107,0.30249840586884347,1
2019,Sumatera Selatan,0.27686895219461183,0.2786931775694859,0.16764756085333132,0.276790309382571,1
2019,Sumatera Utara,0.2638776966184162,0.2610831415923373,0.2110439015858667,0.2639952602033798,3
2020,Aceh,0.21003472673282644,0.20816588807995554,0.3716843438014598,0.21011504138575818,2
2020,Bali,0.24217034432750964,0.240853269086981,0.27475005708070205,0.24222632950480733,2
2020,Banten,0.2579356118402847,0.25802050066678334,0.22611250185829393,0.257931385634638,1
2020,Bengkulu,0.30056256781761803,0.30785613216714947,0.09132618843134817,0.3002551115838843,1
2020,DKI Jakarta,0.2583031748325724,0.2586011478266632,0.2248056122499647,0.25829006509079966,1
2020,Daerah Istimewa Yogyakarta,0.2872627817929095,0.2920941745117877,0.13358399491344555,0.2870590487818573,1
2020,Gorontalo,0.3005686656472574,0.3090168783648384,0.09019889662418257,0.30021555936372163,1
2020,Jambi,0.19437859464196838,0.1906586811391006,0.4204236941096257,0.19453903010930532,2
2020,Jawa Barat,0.2892732308929308,0.2922136099442556,0.12936737485604083,0.2891457843067728,1
2020,Jawa Tengah,0.3051313963692296,0.31048620002957417,0.07948443504490196,0.30489796855629425,1
2020,Jawa Timur,0.2975919639875858,0.30589061857907,0.09927164544856716,0.2972457719847771,1
2020,Kalimantan Barat,0.301055921159879,0.3080009095761853,0.09018130126209035,0.30076186800184534,1
2020,Kalimantan Selatan,0.29716810075896827,0.305151700184666,0.10084536217971382,0.29683483687665185,1
2020,Kalimantan Tengah,0.30658307364225995,0.31255922482418536,0.07453281516987678,0.30632488636367794,1
2020,Kalimantan Timur,0.2997326966142643,0.30854092577609893,0.09236121927730777,0.29936515833232896,1
2020,Kalimantan Utara,0.2852466654362822,0.2881511336380114,0.1414801110118216,0.2851220899138848,1
2020,Kepulauan Bangka Belitung,0.27405149882879865,0.2725305778893229,0.17930423814072288,0.2741136851411556,3
2020,Kepulauan Riau,0.2827331086741143,0.2820916309723264,0.15241869507793385,0.28275656527562537,3
2020,Lampung,0.2702735439858531,0.26488817597795966,0.19433550899344862,0.27050277104273845,3
2020,Maluku,0.18446660616945865,0.18194388393405736,0.4490142115234921,0.18457529837299202,2
2020,Maluku Utara,0.28271147158881466,0.28381479994816705,0.1508115188470034,0.2826622096160148,1
2020,Nusa Tenggara Barat,0.2202659334350935,0.21792904405069735,0.3414391040909533,0.22036591842325587,2
2020,Nusa Tenggara Timur,0.1802237150859376,0.1738561109184984,0.4654180903557647,0.18050208363979933,2
2020,Papua,0.19083444704516173,0.18806137241123438,0.43015029273210176,0.1909538878115021,2
2020,Papua Barat,0.24366503787513683,0.24273433507641287,0.2698960891154435,0.2437045379330068,2
2020,Riau,0.21428787057607362,0.21245884078983002,0.35888695336137955,0.21436633527271684,2
2020,Sulawesi Barat,0.253489255245065,0.2526012164269754,0.24038324917542686,0.2535262791525327,3
2020,Sulawesi Selatan,0.30938991353014067,0.3114634773770415,0.06985744365945895,0.30928916543335894,1
2020,Sulawesi Tengah,0.2858203890615426,0.2889979163283408,0.13949724764467936,0.28568444696543727,1
2020,Sulawesi Tenggara,0.30336896567581184,0.3090432549218199,0.08446255330971687,0.3031252260926514,1
2020,Sulawesi Utara,0.2564434996873544,0.25665737985722475,0.23046502312811748,0.2564340973273034,1
2020,Sumatera Barat,0.3058761626254064,0.31565125254107756,0.07300580462297637,0.3054667802105396,1
2020,Sumatera Selatan,0.30117186325985545,0.30915316310788754,0.08883889033735949,0.30083608329489747,1
2020,Sumatera Utara,0.29939460049748085,0.30401842319852296,0.09739134118831305,0.29919563511568315,1
2021,Aceh,0.1568823504989178,0.15412281971676234,0.5319931413171622,0.15700168846715767,2
2021,Bali,0.24552507050772174,0.24398752105187718,0.26489715605852193,0.24559025238187915,2
2021,Banten,0.2648523561437398,0.26510275969417707,0.2052043866263301,0.26484049753575306,1
2021,Bengkulu,0.2692898598763338,0.2696250721313291,0.1918105634193528,0.2692745045729843,1
2021,DKI Jakarta,0.2626119784201049,0.2632773527430368,0.21152755544340857,0.2625831133934497,1
2021,Daerah Istimewa Yogyakarta,0.2726284563983452,0.274259133030604,0.1805539473527774,0.2725584632182733,1
2021,Gorontalo,0.23422885416261852,0.23324917217391683,0.2982512042746819,0.23427076938878277,2
2021,Jambi,0.2659172464787725,0.26594458571770435,0.20222340057377242,0.26591476722975066,1
2021,Jawa Barat,0.2839716968306808,0.28601947812549805,0.14612674071669493,0.28388208432712625,1
2021,Jawa Tengah,0.3026719835036734,0.3057581108996338,0.08903712178873736,0.30253278380795534,1
2021,Jawa Timur,0.30023405732384034,0.3083865657312324,0.09148731023831524,0.29989206670661206,1
2021,Kalimantan Barat,0.2944336973965584,0.29990196651703327,0.11146221089373329,0.29420212519267497,1
2021,Kalimantan Selatan,0.30000639773922066,0.30918401844144333,0.09118526791855157,0.2996243159007844,1
2021,Kalimantan Tengah,0.26077386394615854,0.25627491456151513,0.22198590109632596,0.2609653203960004,3
2021,Kalimantan Timur,0.3060583639262485,0.318120762082358,0.0702622523990753,0.30555862159231817,1
2021,Kalimantan Utara,0.2770034305540455,0.2793715084712624,0.16672247329895537,0.27690258767573667,1
2021,Kepulauan Bangka Belitung,0.24180127787230746,0.23919732714159644,0.27708927961131385,0.24191211537478222,2
2021,Kepulauan Riau,0.2375540435588176,0.23563517449804766,0.28917519620531906,0.23763558573781574,2
2021,Lampung,0.27985337246400843,0.2731634861014631,0.16684540347476873,0.28013773795975966,3
2021,Maluku,0.16739411973465765,0.16476133851668456,0.5003366616894496,0.1675078800592082,2
2021,Maluku Utara,0.25172347220055985,0.25025814585644657,0.24623305866102743,0.2517853232819662,3
2021,Nusa Tenggara Barat,0.24053963458428235,0.23785190754922392,0.28095468141013064,0.2406537764563631,2
2021,Nusa Tenggara Timur,0.23445186111596908,0.2305266117667125,0.3004018460359845,0.2346196810813339,2
2021,Papua,0.23175614872420103,0.22514383735567933,0.31105734441436916,0.23204266950575042,2
2021,Papua Barat,0.21875838541343234,0.21710890708271313,0.3453035995309949,0.21882910797285968,2
2021,Riau,0.2923722005366745,0.29747687663473726,0.11799471780064179,0.2921562050279465,1
2021,Sulawesi Barat,0.27685519190346985,0.27750485083609266,0.16881470084160874,0.2768252564188288,1
2021,Sulawesi Selatan,0.30429857405777194,0.30519917314781353,0.08625191505524625,0.3042503377391682,1
2021,Sulawesi Tengah,0.22001893544199178,0.2176484550168819,0.3422122149696598,0.22012039457146643,2
2021,Sulawesi Tenggara,0.2937443681538208,0.29764910611128653,0.11502988876891458,0.2935766369659781,1
2021,Sulawesi Utara,0.2927654117302051,0.2912870526088788,0.12312592652419352,0.29282160913672256,3
2021,Sumatera Barat,0.30108490396326243,0.30901836695667606,0.08914480090869621,0.3007519281713653,1
2021,Sumatera Selatan,0.30718177883027065,0.31872392970830393,0.06739354721335925,0.3067007442480662,1
2021,Sumatera Utara,0.1824777120418398,0.17919480737005944,0.4557081500012047,0.182619330586896,2
2022,Aceh,0.1448898038655968,0.14072495495904577,0.5693138884897698,0.14507135268558757,2
2022,Bali,0.2526674916400162,0.25163900660690175,0.24298272503890236,0.25271077671417974,3
2022,Banten,0.2665737155823712,0.2667529146957581,0.20010876404505842,0.2665646056768122,1
2022,Bengkulu,0.2813489640426144,0.28428594045506506,0.15314117901706156,0.28122391648525896,1
2022,DKI Jakarta,0.26210724036640237,0.26094414915055625,0.21479306903486206,0.2621555414481793,3
2022,Daerah Istimewa Yogyakarta,0.2877467910386157,0.29163167932665823,0.13304002970953158,0.28758149992519444,1
2022,Gorontalo,0.23428622959793535,0.23110903718959974,0.300182609911617,0.23442212330084788,2
2022,Jambi,0.2587483270731641,0.2558778568972644,0.22650409288395182,0.25886972314561973,3
2022,Jawa Barat,0.27756478546775193,0.27832540607238426,0.1665800321783864,0.2775297762814774,1
2022,Jawa Tengah,0.3026210950660259,0.3050959261555974,0.08977627369641039,0.30250670508196636,1
2022,Jawa Timur,0.3033070849847088,0.3123024432093388,0.08146108033514862,0.30292939147080383,1
2022,Kalimantan Barat,0.2858928930585078,0.2864795378678365,0.14176323223566706,0.2858643368379886,1
2022,Kalimantan Selatan,0.30227064364090644,0.3114809424533918,0.08436260549690575,0.3018858084087961,1
2022,Kalimantan Tengah,0.2638657779854424,0.25968228677858896,0.21240859004007476,0.26404334519589384,3
2022,Kalimantan Timur,0.3010582109123971,0.31063062747271586,0.08765127883829633,0.3006598827765907,1
2022,Kalimantan Utara,0.2770084370764727,0.2793771630650092,0.1667068332825804,0.27690756657593774,1
2022,Kepulauan Bangka Belitung,0.2797796623679125,0.27854391459376515,0.16184720728963803,0.2798292157486843,3
2022,Kepulauan Riau,0.2581034229066356,0.25750465976041104,0.2262638639655014,0.2581280533674519,3
2022,Lampung,0.29965564057142113,0.30746573484918666,0.09355060343326181,0.2993280211461304,1
2022,Maluku,0.2905723244078369,0.2932778723450798,0.12569449817262762,0.2904553050744556,1
2022,Maluku Utara,0.2250266393258979,0.2235124262400755,0.32636949897957507,0.22509143545445146,2
2022,Nusa Tenggara Barat,0.23126830025956585,0.22785179152164628,0.30946575800605847,0.23141415021272943,2
2022,Nusa Tenggara Timur,0.1938359616233202,0.18976405428304674,0.4223880467498502,0.19401193734378286,2
2022,Papua,0.22087691695641198,0.21934070180209791,0.33883958826135985,0.22094279298013023,2
2022,Papua Barat,0.22016851928662817,0.21863904486338132,0.34095829830703855,0.22023413754295199,2
2022,Papua Barat Daya,0.16311541299205887,0.1603743836551497,0.5132763474436214,0.16323385590917003,2
2022,Papua Pegunungan,0.22468130380575377,0.22338301999058016,0.3271986738916857,0.22473700231198038,2
2022,Papua Selatan,0.24916485451478015,0.24650479166110167,0.2550524609764707,0.24927789284764743,2
2022,Papua Tengah,0.24407530300685037,0.2430438207458242,0.2687617307706284,0.2441191454766971,2
2022,Riau,0.25886307626180244,0.2551058664554393,0.22700868010785624,0.25902237717490195,3
2022,Sulawesi Barat,0.27685519190346985,0.27750485083609266,0.16881470084160874,0.2768252564188288,1
2022,Sulawesi Selatan,0.3071893572674036,0.31337667771756095,0.07251208359160849,0.306921881423427,1
2022,Sulawesi Tengah,0.1903210836669957,0.18680475425118664,0.4324014148127565,0.1904727472690611,2
2022,Sulawesi Tenggara,0.29976408320132525,0.3048573033922001,0.09583291661992242,0.29954569678655224,1
2022,Sulawesi Utara,0.2913304843888801,0.28964234421691026,0.12763060158079825,0.2913965698134114,3
2022,Sumatera Barat,0.3053047122716642,0.31582212919437713,0.07400667244144388,0.3048664860925148,1
2022,Sumatera Selatan,0.3043138732430272,0.31510073197568056,0.07671990677333812,0.3038654880079541,1
2022,Sumatera Utara,0.278980921077143,0.2747051123129575,0.16715383638625023,0.27916013022364927,3
2023,Aceh,0.12347508903022396,0.1200411759845843,0.6328589642555186,0.12362477072967318,2
2023,Bali,0.25734603154948227,0.25652788332113424,0.22874592050042722,0.25738016462895635,3
2023,Banten,0.2680997210778384,0.2690413320187754,0.19480024633474363,0.26805870056864256,1
2023,Bengkulu,0.2921737225567888,0.2981705910587634,0.11773414478678772,0.2919215415976601,1
2023,DKI Jakarta,0.26261467387038734,0.2632802281601959,0.21151929688610543,0.2625858010833113,1
2023,Daerah Istimewa Yogyakarta,0.27865335546846337,0.2808767740671442,0.16191201563165478,0.27855785483273765,1
2023,Gorontalo,0.2341788694449019,0.23193767553484385,0.29960899934868457,0.23427445567156965,2
2023,Jambi,0.28250919742578373,0.28411159866281366,0.1509404313968784,0.28243877251452415,1
2023,Jawa Barat,0.2753382204715371,0.27613091103864634,0.17322860409888616,0.2753022643909304,1
2023,Jawa Tengah,0.30390199461253375,0.30574323855467483,0.08654177208916668,0.3038129947436248,1
2023,Jawa Timur,0.30338879446924527,0.31327764244566675,0.08035771870929598,0.302975844375792,1
2023,Kalimantan Barat,0.285027292034844,0.2866903426057182,0.14332812933953784,0.28495423601990005,1
2023,Kalimantan Selatan,0.29886827833909135,0.3075279337664528,0.0950966247220669,0.29850716317238896,1
2023,Kalimantan Tengah,0.2988400612110913,0.2912080654432737,0.11079013384277504,0.29916173950285996,3
2023,Kalimantan Timur,0.29933221650877406,0.30817095781848536,0.0935330706888345,0.2989637549839061,1
2023,Kalimantan Utara,0.27710931496365016,0.2792089442002333,0.16666233253435214,0.2770194083017644,1
2023,Kepulauan Bangka Belitung,0.2961821843603075,0.2884242999850969,0.11888402712091783,0.29650948853367765,3
2023,Kepulauan Riau,0.2994737838814943,0.3007866590057229,0.10032939760033122,0.29941015951245153,1
2023,Lampung,0.30737469622138525,0.3156271842215977,0.06997399704464086,0.30702412251237615,1
2023,Maluku,0.24390453341493318,0.2415958761249969,0.27049701583018987,0.24400257462988012,2
2023,Maluku Utara,0.28317452381740577,0.2829418882415593,0.15070248191703114,0.28318110602400387,3
2023,Nusa Tenggara Barat,0.2600685724926133,0.2588983353390498,0.22091637268788383,0.26011671948045306,3
2023,Nusa Tenggara Timur,0.08102634925853276,0.0787696364968268,0.7590792190615754,0.08112479518306502,2
2023,Papua,0.18782416209452404,0.1853614676667259,0.4388841154866425,0.18793025475210753,2
2023,Papua Barat,0.20175157374226044,0.19972965324310232,0.3966802500732418,0.2018385229413954,2
2023,Papua Barat Daya,0.1923307125716569,0.18999677867128434,0.425241271434904,0.1924312373221548,2
2023,Papua Pegunungan,0.22468130380575377,0.22338301999058016,0.3271986738916857,0.22473700231198038,2
2023,Papua Selatan,0.21190573628970819,0.2099636581270519,0.36614145843934276,0.21198914714389722,2
2023,Papua Tengah,0.24407530300685037,0.2430438207458242,0.2687617307706284,0.2441191454766971,2
2023,Riau,0.21390370781016166,0.20998751273879937,0.36203641087151806,0.21407236857952097,2
2023,Sulawesi Barat,0.27685519190346985,0.27750485083609266,0.16881470084160877,0.2768252564188288,1
2023,Sulawesi Selatan,0.3137923194810854,0.31719646327314793,0.05537987505433537,0.31363134219143135,1
2023,Sulawesi Tengah,0.22633593396001905,0.2239451207718194,0.3232808991896026,0.22643804607855894,2
2023,Sulawesi Tenggara,0.3027904329021151,0.30717351574803115,0.08743616415332678,0.30259988719652686,1
2023,Sulawesi Utara,0.2761421059140125,0.2734703386859992,0.1741345627867381,0.2762529926132502,3
2023,Sumatera Barat,0.306687213114857,0.3180219653571056,0.06907545654538405,0.30621536498265334,1
2023,Sumatera Selatan,0.2973465333178665,0.303649313791405,0.10192392354527677,0.2970802293454518,1
2023,Sumatera Utara,0.20332494246737015,0.19956869403479433,0.39361951300054715,0.2034868504972884,2
2024,Aceh,0.134193191307956,0.13087634598834338,0.6005930968764835,0.1343373658272171,2
2024,Bali,0.25697255028518873,0.2560391178235214,0.22997681405773082,0.2570115178335591,3
2024,Banten,0.2705659122991755,0.27175399203305545,0.18716571439072005,0.2705143812770491,1
2024,Bengkulu,0.28939432574440327,0.29491040395369333,0.12653266524838816,0.28916260505351526,1
2024,DKI Jakarta,0.26250568364218074,0.2631639758985911,0.21185321644104327,0.262477124018185,1
2024,Daerah Istimewa Yogyakarta,0.2794003031848417,0.28151184228389475,0.15977870484663806,0.2793091496846255,1
2024,Gorontalo,0.21653787664636517,0.2142107196563745,0.35261368392596326,0.21663771977129712,2
2024,Jambi,0.30379988083905135,0.3096412522813693,0.08301065208428575,0.30354821479529365,1
2024,Jawa Barat,0.2873766846602809,0.28924031681386697,0.13608914089392804,0.28729385763192405,1
2024,Jawa Tengah,0.3025150090871594,0.3054396148145023,0.08966282323564533,0.30238255286269294,1
2024,Jawa Timur,0.3086538537181168,0.32034399415707326,0.062836824368064,0.30816532775674593,1
2024,Kalimantan Barat,0.2825096141634828,0.2844210958636167,0.1506425746871534,0.28242671528574714,1
2024,Kalimantan Selatan,0.29720006365135637,0.3038882509627334,0.10199332180979198,0.2969183635761182,1
2024,Kalimantan Tengah,0.2627569934473422,0.25786676779752066,0.21641122225719486,0.26296501649794235,3
2024,Kalimantan Timur,0.30562136207459567,0.3168581573624333,0.0723663257568902,0.3051541548060809,1
2024,Kalimantan Utara,0.2775193166884964,0.27965872569933076,0.16539426576988503,0.2774276918422878,1
2024,Kepulauan Bangka Belitung,0.2524275686651824,0.2509334648933874,0.24414832336219897,0.2524906430792312,3
2024,Kepulauan Riau,0.2985341061773043,0.3037263758521865,0.09942776313494832,0.2983117548355609,1
2024,Lampung,0.2882590761717169,0.28857235269987347,0.13492688197837088,0.2882416891500388,1
2024,Maluku,0.20692455270226717,0.20496752039142135,0.3810992114507423,0.20700871545556918,2
2024,Maluku Utara,0.28317452381740577,0.2829418882415592,0.15070248191703117,0.28318110602400387,3
2024,Nusa Tenggara Barat,0.20003360085576175,0.19546756863967674,0.40426797888567856,0.20023085161888288,2
2024,Nusa Tenggara Timur,0.12456513286611082,0.12182703816230095,0.6289238174851863,0.12468401148640189,2
2024,Papua,0.2128931337440387,0.20990774182299268,0.3641778555798784,0.2130212688530902,2
2024,Papua Barat,0.22630120775919926,0.22481682039764367,0.3225172585757774,0.2263647132673797,2
2024,Papua Barat Daya,0.16311541299205887,0.1603743836551497,0.5132763474436214,0.16323385590917003,2
2024,Papua Pegunungan,0.22468130380575377,0.22338301999058016,0.3271986738916857,0.22473700231198038,2
2024,Papua Selatan,0.2259776195644061,0.22416033381261613,0.32380662606598015,0.22605542055699765,2
2024,Papua Tengah,0.24407530300685037,0.2430438207458242,0.2687617307706284,0.2441191454766971,2
2024,Riau,0.27017950985958045,0.27004656197054283,0.18959033034996933,0.27018359781990736,3
2024,Sulawesi Barat,0.29722935334248834,0.2955379585563113,0.10993985510119658,0.2972928330000038,3
2024,Sulawesi Selatan,0.31500278771019835,0.31871965493125354,0.051450575634434656,0.31482698172411344,1
2024,Sulawesi Tengah,0.19068707939577634,0.18786412240907646,0.4306401276796353,0.19080867051551187,2
2024,Sulawesi Tenggara,0.28850315988525377,0.2910394420218616,0.13206430923100163,0.288393088861883,1
2024,Sulawesi Utara,0.25224853828303045,0.24868927549180903,0.24666224144965834,0.25239994477550215,3
2024,Sumatera Barat,0.3022507998495879,0.3070204572549232,0.0886842331895629,0.302044509705926,1
2024,Sumatera Selatan,0.27931291956140364,0.2733467281762285,0.16777409103290522,0.2795662612294626,3
2024,Sumatera Utara,0.28531172059672716,0.2851343968816919,0.14423823614858203,0.2853156463729989,3
2025,Aceh,0.19735894045135322,0.19247513335664973,0.4125952457862016,0.19757068040579542,2
2025,Bali,0.25327813338225813,0.25217172867864224,0.24122547156975402,0.2533246663693456,3
2025,Banten,0.2407151308722748,0.23980417688909225,0.27872689650600874,0.24075379573262415,2
2025,Bengkulu,0.2515377029011745,0.2506702778763682,0.24621795029164598,0.2515740689308113,3
2025,DKI Jakarta,0.26175987443631,0.2623692825696961,0.21413741937600536,0.2617334236179885,1
2025,Daerah Istimewa Yogyakarta,0.2814911171104679,0.2837529208449488,0.15336237696459012,0.28139358507999307,1
2025,Gorontalo,0.2529960014771548,0.2504666419618032,0.2434340811755817,0.2531032753854603,3
2025,Jambi,0.2842423672789102,0.28004744296750067,0.1512928981672754,0.28441729158631374,3
2025,Jawa Barat,0.28752386305104094,0.2891535570410292,0.13587177264615563,0.2874508072617742,1
2025,Jawa Tengah,0.2856245037749016,0.2895480423716683,0.13936954040350785,0.28545791344992216,1
2025,Jawa Timur,0.3053880328912018,0.3172217551175261,0.07249242959484214,0.30489778239642995,1
2025,Kalimantan Barat,0.2799168135951771,0.28013196794861817,0.1600464343263079,0.27990478412989683,1
2025,Kalimantan Selatan,0.3065380745636377,0.31751970351588993,0.0698620901332912,0.30608013178718124,1
2025,Kalimantan Tengah,0.30861229353314135,0.3081052350247374,0.07466358775663118,0.30861888368549006,3
2025,Kalimantan Timur,0.30695707223089475,0.31939669762544787,0.06720425855036927,0.3064419715932881,1
2025,Kalimantan Utara,0.2844699887374819,0.28801284178066494,0.14319754355077816,0.28431962593107496,1
2025,Kepulauan Bangka Belitung,0.2886252353464672,0.292656305501452,0.13026440070257622,0.28845405844950456,1
2025,Kepulauan Riau,0.2872846810565518,0.2881537925462633,0.13731706439470673,0.2872444620024783,1
2025,Lampung,0.26041835590627516,0.2607270758690923,0.21844993810273602,0.2604046301218966,1
2025,Maluku,0.1395307146725501,0.13677653506391624,0.584042804675525,0.13964994558800858,2
2025,Maluku Utara,0.28317452381740577,0.2829418882415592,0.15070248191703117,0.28318110602400387,3
2025,Nusa Tenggara Barat,0.24085749384335858,0.23790766950296874,0.28025197793789786,0.2409828587157748,2
2025,Nusa Tenggara Timur,0.11678194803948863,0.11308840319677989,0.6531862488234066,0.11694339994032489,2
2025,Papua,0.17083331191121937,0.1676541340855993,0.49054184844848553,0.1709707055546957,2
2025,Papua Barat,0.22683418152176218,0.22537661985866567,0.3208926553604826,0.22689654325908956,2
2025,Papua Barat Daya,0.275354008568684,0.2767776661118862,0.17257619178756958,0.2752921335318603,1
2025,Papua Pegunungan,0.22468130380575377,0.22338301999058016,0.3271986738916857,0.22473700231198038,2
2025,Papua Selatan,0.21893309462862254,0.21633621712518056,0.3456862130733173,0.21904447517287964,2
2025,Papua Tengah,0.24407530300685037,0.2430438207458242,0.2687617307706284,0.2441191454766971,2
2025,Riau,0.28446286884371313,0.28622563834016596,0.1449259877996509,0.28438550501647003,1
2025,Sulawesi Barat,0.27685519190346985,0.27750485083609266,0.16881470084160877,0.2768252564188288,1
2025,Sulawesi Selatan,0.317649712706095,0.3109529920398898,0.053482887472820956,0.31791440778119423,3
2025,Sulawesi Tengah,0.22814696354380148,0.22641668859963932,0.31721534134596424,0.228221006510595,2
2025,Sulawesi Tenggara,0.28543756297436307,0.2874022157980637,0.14180845069293693,0.2853517705346363,1
2025,Sulawesi Utara,0.2859046819282542,0.28566484196710856,0.1425195361436915,0.2859109399609458,3
2025,Sumatera Barat,0.29858438581333235,0.304410860677004,0.09866772134528844,0.2983370321643751,1
2025,Sumatera Selatan,0.2772107557873515,0.2791168289480285,0.16654330978093584,0.27712910548368413,1
2025,Sumatera Utara,0.29510510784653066,0.29675234899684805,0.11311236311700061,0.29503018003962084,1
