Tahun,Provinsi,u_cluster_0,u_cluster_1,u_cluster_2,u_cluster_3,label
2019,Aceh,0.43278834007457295,0.19042938911224508,0.1863522679654125,0.19043000284776948,0
2019,Bali,0.24870658962123568,0.2513150093814581,0.24866300492992346,0.2513153960673828,3
2019,Banten,0.23732868261575413,0.2543358852259564,0.2539995024299825,0.25433592972830693,3
2019,Bengkulu,0.2191790661810848,0.2608242321645472,0.2591722347749826,0.26082446687938543,3
2019,DKI Jakarta,0.2296539062723835,0.256713508949574,0.25691910944504576,0.25671347533299677,2
2019,Daerah Istimewa Yogyakarta,0.14757360228154773,0.2821903149745031,0.288046630214784,0.2821894525291653,2
2019,Gorontalo,0.13780341628624931,0.28767242209732014,0.2868516548951716,0.287672506721259,3
2019,Jambi,0.31856181586935495,0.22893866587275266,0.22356005205198207,0.2289394662059103,0
2019,Jawa Barat,0.19360607621973866,0.2684466656729887,0.26950075998090817,0.2684464981263645,2
2019,Jawa Tengah,0.0946015295798092,0.2970714813593799,0.3112575439825786,0.2970694450782323,2
2019,Jawa Timur,0.09304021969941152,0.297246331427378,0.31246928892777387,0.2972441599454366,2
2019,Kalimantan Barat,0.13295502134907014,0.28951655415944305,0.28801169858714554,0.28951672590434135,3
2019,Kalimantan Selatan,0.09862119724745226,0.2958559663071483,0.3096688461844397,0.2958539902609598,2
2019,Kalimantan Tengah,0.07645870348932172,0.30314464701695265,0.31725406103034626,0.3031425884633794,2
2019,Kalimantan Timur,0.08994968227023609,0.29901976590837515,0.3120126728808454,0.2990178789405434,2
2019,Kalimantan Utara,0.14242068067747318,0.2840278179924131,0.28952449588340345,0.2840270054467102,2
2019,Kepulauan Bangka Belitung,0.3650300952898413,0.21288540341466203,0.20919854610054572,0.21288595519495093,0
2019,Kepulauan Riau,0.1443471788433091,0.2881735062159408,0.27930452947762285,0.28817478546312725,3
2019,Lampung,0.19878182212499243,0.2670132908542475,0.26719163436024534,0.2670132526605146,2
2019,Maluku,0.18687906474092789,0.2742652051236356,0.26458909327877855,0.274266636856658,3
2019,Maluku Utara,0.2073752112396637,0.26474154398538124,0.2631414776748949,0.2647417671000602,3
2019,Nusa Tenggara Barat,0.18941350347113206,0.269892358888041,0.27080192508318235,0.26989221255764456,2
2019,Nusa Tenggara Timur,0.6701510842341232,0.11174547093658094,0.10635714542040882,0.11174629940888708,0
2019,Papua,0.2985753871135364,0.2346318688481353,0.23216050918714184,0.23463223485118642,0
2019,Papua Barat,0.27092175479184416,0.2434771749233773,0.24212369581126406,0.24347737447351447,0
2019,Riau,0.27833283875242515,0.2417144108794698,0.23823782890920095,0.24171492145890414,0
2019,Sulawesi Barat,0.1624880660840262,0.2777389392750015,0.28203469159276334,0.27773830304820896,2
2019,Sulawesi Selatan,0.06367612448104662,0.3099892198106808,0.316346487005313,0.30998816870295953,2
2019,Sulawesi Tengah,0.349734157678757,0.2187099654761625,0.2128450319504801,0.21871084489460046,0
2019,Sulawesi Tenggara,0.1810112942654086,0.2735696030001374,0.27184926535871745,0.2735698373757366,3
2019,Sulawesi Utara,0.15275265326803456,0.28176924333446796,0.2837091684327566,0.28176893496474076,2
2019,Sumatera Barat,0.08375190121849067,0.30091874996604934,0.3144125586505517,0.3009167901649083,2
2019,Sumatera Selatan,0.16766073566320264,0.27643502221404354,0.2794696774685124,0.2764345646542415,2
2019,Sumatera Utara,0.21105985959492568,0.2645359889658382,0.2598674855758442,0.2645366658633919,3
2020,Aceh,0.3716580276036573,0.21048412736211367,0.20737325095188647,0.21048459408234246,0
2020,Bali,0.2747493679264386,0.24248228749454617,0.2402857332622768,0.24248261131673846,0
2020,Banten,0.22611901106120824,0.25791459394732064,0.2580518269935222,0.25791456799794893,2
2020,Bengkulu,0.09133221630069459,0.29882914508115427,0.31101126566273746,0.2988273729554136,2
2020,DKI Jakarta,0.22481162030789406,0.25823154350103533,0.2587253695984145,0.2582314665926561,2
2020,Daerah Istimewa Yogyakarta,0.13358910245103886,0.28611410246161184,0.2941838671550591,0.2861129279322902,2
2020,Gorontalo,0.09019772066032714,0.29855699241397315,0.3126903225380408,0.29855496438765894,2
2020,Jambi,0.4203888152078072,0.1952659885653156,0.18907827404694705,0.19526692217993008,0
2020,Jawa Barat,0.12938546342458918,0.2885764046786761,0.29346247029606254,0.28857566160067216,2
2020,Jawa Tengah,0.07950701199681318,0.3038694378246665,0.3127554761301016,0.30386807404841865,2
2020,Jawa Timur,0.09926672677851482,0.29561560438856704,0.3095040512092926,0.29561361762362565,2
2020,Kalimantan Barat,0.09019221656045395,0.2994066661699189,0.3109961489421559,0.29940496832747127,2
2020,Kalimantan Selatan,0.10084256117339795,0.2952666517983298,0.3086260482961943,0.2952647387320779,2
2020,Kalimantan Tengah,0.07455392743503893,0.30517115617676127,0.3151052632214517,0.30516965316674804,2
2020,Kalimantan Timur,0.09235670477267971,0.2976350685833742,0.3123752674877229,0.29763295915622323,2
2020,Kalimantan Utara,0.14149411513925259,0.28455684560978783,0.28939291690695657,0.28455612234400307,2
2020,Kepulauan Bangka Belitung,0.1793260198870289,0.27440898994672647,0.271855646610205,0.2744093435560397,3
2020,Kepulauan Riau,0.1524448376515668,0.2828838289115492,0.2817873781561674,0.2828839552807166,3
2020,Lampung,0.1943484511284497,0.27154230989003525,0.2625656028722119,0.2715436361093031,3
2020,Maluku,0.44896942766694087,0.18507580603536802,0.18087832795561876,0.18507643834207227,0
2020,Maluku Utara,0.15083284058044757,0.2824480493776519,0.2842713513289354,0.2824477587129652,2
2020,Nusa Tenggara Barat,0.34142608989228423,0.22082206203984014,0.21692920611107305,0.22082264195680254,0
2020,Nusa Tenggara Timur,0.46536372827368183,0.1817332416094753,0.17116815970437416,0.18173487041246866,0
2020,Papua,0.4301104438703012,0.1915009989341901,0.1868868635426938,0.19150169365281494,0
2020,Papua Barat,0.2698950701577324,0.24388578388037382,0.24233313375566531,0.24388601220622844,0
2020,Riau,0.35886487182570836,0.21472674733390443,0.21168117787379112,0.214727202966596,0
2020,Sulawesi Barat,0.2403912114787949,0.25369823690249543,0.25221210232771046,0.2536984492909992,3
2020,Sulawesi Selatan,0.06989201299979164,0.30891381535124834,0.31228096936302496,0.308913202285935,2
2020,Sulawesi Tengah,0.13951245072632734,0.2850651422121902,0.29035805324137787,0.2850643538201046,2
2020,Sulawesi Tenggara,0.08448108101344452,0.3020256126244688,0.3114691094603823,0.30202419690170446,2
2020,Sulawesi Utara,0.2304700540625895,0.2563918323015413,0.2567463364741009,0.2563917771617683,2
2020,Sumatera Barat,0.07300669239685334,0.30355007783755894,0.3198955049177704,0.3035477248478173,2
2020,Sumatera Selatan,0.08884203483860637,0.29927478567889443,0.3126103275465467,0.2992728519359525,2
2020,Sumatera Utara,0.09740948383457476,0.2982994509613669,0.30599277081458104,0.29829829438947725,2
2021,Aceh,0.5319244098614823,0.1575544980109654,0.15296589878312364,0.15755519334442866,0
2021,Bali,0.2648997203343017,0.24588843899771923,0.2433230250903907,0.24588881557758832,0
2021,Banten,0.2052159657906205,0.26479168496774685,0.2652007358189397,0.264791613422693,2
2021,Bengkulu,0.19182469877055391,0.26920800673440115,0.26975937928824834,0.2692079152067966,2
2021,DKI Jakarta,0.21153578636725842,0.262452946542139,0.26355848891481254,0.26245277817579005,2
2021,Daerah Istimewa Yogyakarta,0.18056588368867962,0.27223992197419145,0.27495467885230257,0.27223951548482633,2
2021,Gorontalo,0.29824300953570704,0.23446294469342327,0.23283085795471778,0.2344631878161519,0
2021,Jambi,0.202236043312471,0.265909191554422,0.2659455911376234,0.2659091739954836,2
2021,Jawa Barat,0.1461453761642578,0.28348614466114547,0.2868828590230964,0.28348562015150036,2
2021,Jawa Tengah,0.08906509662237679,0.30194915791997295,0.30703741185209554,0.30194833360555473,2
2021,Jawa Timur,0.09148784673270279,0.2982949697059598,0.311924181017846,0.29829300254349134,2
2021,Kalimantan Barat,0.11147162278957397,0.2931346157584597,0.30226048302060915,0.2931332784313571,2
2021,Kalimantan Selatan,0.09117840490148504,0.29781956529261594,0.31318465534469964,0.2978173744611994,2
2021,Kalimantan Tengah,0.2219974672506201,0.26183381687606583,0.2543337913102627,0.26183492456305135,3
2021,Kalimantan Timur,0.07025031455632133,0.30318041359540326,0.32339171760969665,0.3031775542385788,2
2021,Kalimantan Utara,0.1667323773148884,0.27643998107609985,0.2803882442880117,0.2764393973210001,2
2021,Kepulauan Bangka Belitung,0.2770946782283082,0.24241537257241713,0.23807393520608103,0.2424160139931936,0
2021,Kepulauan Riau,0.2891733624675277,0.2380088535068199,0.2348084589249076,0.2380093251007448,0
2021,Lampung,0.1668616110132049,0.28142977606965297,0.27027719276904627,0.28143142014809586,3
2021,Maluku,0.5002741867289827,0.1680345369634277,0.16365607674805346,0.16803519955953608,0
2021,Maluku Utara,0.24624126196192697,0.2520683837980877,0.24962161376745054,0.2520687404725348,3
2021,Nusa Tenggara Barat,0.2809605796724567,0.2411739028353105,0.2366909547481161,0.2411745627441167,0
2021,Nusa Tenggara Timur,0.3003985761308173,0.23537978930183454,0.22884087231746097,0.23538076224988724,0
2021,Papua,0.31103823645031287,0.23331593597747785,0.22232822132637714,0.23331760624583214,0
2021,Papua Barat,0.345285889396251,0.21915352501090804,0.21640665000148435,0.21915393559135665,0
2021,Riau,0.11800532429276049,0.29115854742540787,0.2996788277851257,0.29115730049670596,2
2021,Sulawesi Barat,0.1688343779378394,0.2766996019791798,0.2777665968778773,0.27669942320510343,2
2021,Sulawesi Selatan,0.08628657702631934,0.304094186077839,0.3055253539336628,0.3040938829621788,2
2021,Sulawesi Tengah,0.3421980124825058,0.22058333077753137,0.21663473740059555,0.22058391933936727,0
2021,Sulawesi Tenggara,0.11504692559515213,0.2928182745096786,0.2993174997334218,0.29281730016174745,2
2021,Sulawesi Utara,0.12316079445892579,0.2931168341593905,0.2906052284461157,0.29311714293556806,3
2021,Sumatera Barat,0.08914813527718198,0.29919742622192497,0.312458927974863,0.2991955105260301,2
2021,Sumatera Selatan,0.06738896366072232,0.3044323935389921,0.3237490082599701,0.30442963454031546,2
2021,Sumatera Utara,0.45566496742149254,0.183265009414376,0.17780418952360497,0.18326583364052648,0
2022,Aceh,0.5692532904419131,0.14588680107785135,0.1389720462327357,0.1458878622474999,0
2022,Bali,0.24298891795369976,0.25290968165547145,0.25119146944014575,0.252909930950683,3
2022,Banten,0.20012207987238342,0.26652988348872086,0.26681820947030255,0.26652982716859314,2
2022,Bengkulu,0.15315279875492777,0.280650356062332,0.2855472129292021,0.2806496322535381,2
2022,DKI Jakarta,0.2148065545744562,0.26238023464524307,0.26043269956487225,0.2623805112154285,3
2022,Daerah Istimewa Yogyakarta,0.13305197081549347,0.28682368378557715,0.2933016180472966,0.2868227273516328,2
2022,Gorontalo,0.30017894313432947,0.23503761151236274,0.2297450458209719,0.235038399532336,0
2022,Jambi,0.22651698530593295,0.259424408044929,0.2546334980556854,0.2594251085934527,3
2022,Jawa Barat,0.16660026490527183,0.2773835257795779,0.27863289249726503,0.27738331681788525,2
2022,Jawa Tengah,0.08980669599896762,0.3020444751622622,0.3061050373566051,0.3020437914821651,2
2022,Jawa Timur,0.08146186863583299,0.3011684317413406,0.3162034411430586,0.3011662584797677,2
2022,Kalimantan Barat,0.1417902489335616,0.28575247372101764,0.28670497754402674,0.28575229980139394,2
2022,Kalimantan Selatan,0.08436144023503278,0.30007751043104797,0.31548574872994367,0.3000753006039756,2
2022,Kalimantan Tengah,0.21242359351677267,0.2648509113137037,0.25787355766566994,0.2648519375038536,3
2022,Kalimantan Timur,0.08764422549429776,0.2987769668812721,0.31480412422489384,0.2987746833995363,2
2022,Kalimantan Utara,0.16671673848090013,0.27644483400151854,0.2803941774311002,0.27644425008648127,2
2022,Kepulauan Bangka Belitung,0.1618736997766073,0.28006911397729733,0.2779877929753387,0.28006939327075664,3
2022,Kepulauan Riau,0.2262739167757457,0.25824344805693006,0.2572390466405601,0.25824358852676416,3
2022,Lampung,0.09355232740500008,0.2977975473890586,0.3108544623082518,0.29779566289768955,2
2022,Maluku,0.12571395342819047,0.2899296606212776,0.29442740704353004,0.2899289789070018,2
2022,Maluku Utara,0.32635610551390143,0.22538866688503745,0.22286618485177181,0.2253890427492892,0
2022,Nusa Tenggara Barat,0.3094644985318065,0.2320759120375389,0.22638283233101134,0.23207675709964326,0
2022,Nusa Tenggara Timur,0.4223540317333812,0.19480518431095942,0.18803457474734955,0.1948062092083098,0
2022,Papua,0.3388215365261368,0.22124542003401507,0.21868724094044967,0.22124580249939843,0
2022,Papua Barat,0.3409400254096805,0.22053544584241455,0.2179887018595506,0.22053582688835432,0
2022,Papua Barat Daya,0.5132123835323349,0.1637817906244672,0.15922334533560803,0.1637824805075899,0
2022,Papua Pegunungan,0.3271834013789908,0.22499269510550057,0.22283088496831424,0.22499301854719436,0
2022,Papua Selatan,0.2550582439912382,0.24979242919062183,0.2453562439467926,0.24979308287134738,0
2022,Papua Tengah,0.2687612852701814,0.2443195771314439,0.24259930688766213,0.2443198307107126,0
2022,Riau,0.22702469548585918,0.25974744041107084,0.253479503434786,0.25974836066828405,3
2022,Sulawesi Barat,0.1688343779378394,0.2766996019791798,0.2777665968778773,0.27669942320510343,2
2022,Sulawesi Selatan,0.07253345595501272,0.30572811649160936,0.3160118685075427,0.3057265590458353,2
2022,Sulawesi Tengah,0.4323658116988866,0.1911608002361438,0.18531170522726964,0.19116168283770002,0
2022,Sulawesi Tenggara,0.09584992072122252,0.2985571690431237,0.30703700879819995,0.2985559014374539,2
2022,Sulawesi Utara,0.12766469286933269,0.2917297915465933,0.28887535573991047,0.29173015984416356,3
2022,Sumatera Barat,0.07400228330903423,0.30279879851766495,0.3204026330787368,0.302796285094564,2
2022,Sumatera Selatan,0.07671226632598256,0.30174240723447077,0.3198054883533449,0.30173983808620186,2
2022,Sumatera Utara,0.16717629939374307,0.2799897372209464,0.27284319616532704,0.2799907672199835,3
2023,Aceh,0.632789658489147,0.12430369647721277,0.11860207360596736,0.1243045714276728,0
2023,Bali,0.22875501350660013,0.2575378905653091,0.2561690095220226,0.2575380864060682,3
2023,Banten,0.1948113190307253,0.2678751924704296,0.26943853571175314,0.267874952787092,2
2023,Bengkulu,0.1177374401999623,0.2907475267385727,0.30076895845789436,0.2907460746035706,2
2023,DKI Jakarta,0.21152752922049964,0.2624555991549059,0.26356144088119193,0.2624554307434025,2
2023,Daerah Istimewa Yogyakarta,0.1619251708503488,0.27812476980756917,0.2818258443129124,0.27812421502916956,2
2023,Gorontalo,0.2996061778150838,0.23470957816892746,0.23097411219814815,0.23471013181784062,0
2023,Jambi,0.15095915529842882,0.2821284108453725,0.28478443596402486,0.2821279978921738,2
2023,Jawa Barat,0.17324676719115126,0.2751491969323367,0.27645505238113866,0.2751489834953733,2
2023,Jawa Tengah,0.08657520009545423,0.30347739500529974,0.30647055047819,0.3034768544210561,2
2023,Jawa Timur,0.08035323623158674,0.30103457061886857,0.31757999326004827,0.30103219988949637,2
2023,Kalimantan Barat,0.14334990792045163,0.28463133952586855,0.28738784128174283,0.284630911271937,2
2023,Kalimantan Selatan,0.09509227506185625,0.2968055220920272,0.31129875277577124,0.29680345007034525,2
2023,Kalimantan Tengah,0.11081226564460575,0.30064170620001895,0.2879024693167097,0.30064355883866556,3
2023,Kalimantan Timur,0.09352739123080077,0.2972268666511761,0.3120209893833479,0.29722475273467525,2
2023,Kalimantan Utara,0.16667566863273892,0.27660929658030564,0.2801062598262178,0.2766087749607377,2
2023,Kepulauan Bangka Belitung,0.11890555105725856,0.29801335918646615,0.285065844678735,0.29801524507754024,3
2023,Kepulauan Riau,0.10036332104658237,0.29916799207626815,0.30130108161091884,0.29916760526623065,2
2023,Lampung,0.06998607289264121,0.30541814563938174,0.31917966260983743,0.30541611885813963,2
2023,Maluku,0.2705016744531037,0.24444950338654875,0.2405987519505559,0.2444500702097916,0
2023,Maluku Utara,0.15072806637870811,0.28322767221820555,0.28281655918410514,0.2832277022189813,3
2023,Nusa Tenggara Barat,0.22093212158387174,0.26034348259695467,0.25838063862998334,0.26034375718919023,3
2023,Nusa Tenggara Timur,0.7589943955981937,0.08158405980121539,0.07783690905342361,0.08158463554716729,0
2023,Papua,0.4388410704181036,0.18841866100046795,0.18432099043268343,0.18841927814874507,0
2023,Papua Barat,0.39664786376017047,0.20223899266000883,0.19887364550386816,0.20223949807595262,0
2023,Papua Barat Daya,0.4251999662605901,0.1928943403265879,0.1890107683771236,0.19289492503569836,0
2023,Papua Pegunungan,0.3271834013789908,0.22499269510550057,0.22283088496831424,0.22499301854719436,0
2023,Papua Selatan,0.3661168593936627,0.21237192774832697,0.20913880052396153,0.21237241233404883,0
2023,Papua Tengah,0.2687612852701814,0.2443195771314439,0.24259930688766213,0.2443198307107126,0
2023,Riau,0.36201900291773736,0.21483186528196216,0.20831628566487329,0.21483284613542716,0
2023,Sulawesi Barat,0.1688343779378394,0.2766996019791798,0.2777665968778773,0.27669942320510343,2
2023,Sulawesi Selatan,0.05541366819497888,0.3130098043885583,0.31856769300751403,0.3130088344089488,2
2023,Sulawesi Tengah,0.32327239930370105,0.22690362985409188,0.22291974918079716,0.22690422166140992,0
2023,Sulawesi Tenggara,0.08746100990945897,0.30175408171909135,0.3090319387605623,0.3017529696108875,2
2023,Sulawesi Utara,0.17416208766280247,0.2767703223290208,0.2722966329951907,0.27677095701298604,3
2023,Sumatera Barat,0.06906928511205007,0.30398625091370873,0.3229609182085524,0.3039835457656888,2
2023,Sumatera Selatan,0.10193365703458439,0.29584848649924256,0.3063709063277217,0.29584695013845136,2
2023,Sumatera Utara,0.393590931127633,0.20421894589930087,0.19797023513421821,0.20421988783884787,0
2024,Aceh,0.6005213747157447,0.13499595956078203,0.1294858643634674,0.13499680136000577,0
2024,Bali,0.22998599208257595,0.2571917979238725,0.2556301884263254,0.2571920215672262,3
2024,Banten,0.18717760582089518,0.27028284856451673,0.27225699760850647,0.2702825480060816,2
2024,Bengkulu,0.12653532027813147,0.2880820278997934,0.29730195768284684,0.2880806941392283,2
2024,DKI Jakarta,0.21186139162538528,0.2623483375572291,0.2634420998494677,0.2623481709679179,2
2024,Daerah Istimewa Yogyakarta,0.15979321353238743,0.27889859984261406,0.2824101173964378,0.27889806922856075,2
2024,Gorontalo,0.35259523184810254,0.21709298113852069,0.21321822611100286,0.21709356090237394,0
2024,Jambi,0.08302976518113783,0.302418726187682,0.31213424589077154,0.30241726274040864,2
2024,Jawa Barat,0.136111308577514,0.2869357024175887,0.2900177743565072,0.2869352146483901,2
2024,Jawa Tengah,0.08969164028930683,0.30183037826212095,0.3066483887931008,0.3018295926554714,2
2024,Jawa Timur,0.06283327609064998,0.30587174909225984,0.32542603087108735,0.3058689439460029,2
2024,Kalimantan Barat,0.1506617060333576,0.28205428871603,0.2852301999810423,0.2820538052695701,2
2024,Kalimantan Selatan,0.10199983169394312,0.2956097364872768,0.306782318408117,0.2956081134106631,2
2024,Kalimantan Tengah,0.21642389621254696,0.26390918925167495,0.2557565219907594,0.2639103925450187,3
2024,Kalimantan Timur,0.07235785577483064,0.3029430669080648,0.32175868768752425,0.30294038962958036,2
2024,Kalimantan Utara,0.16540776536994997,0.27700988788923875,0.28057299047382195,0.27700935626698936,2
2024,Kepulauan Bangka Belitung,0.24415846996332283,0.2527786413670258,0.2502838835545702,0.25277900511508117,3
2024,Kepulauan Riau,0.09944618000220537,0.2973029819720211,0.305949145902853,0.2973016921229206,2
2024,Lampung,0.13495378714806303,0.2881841698247988,0.2886779836779541,0.2881840593491842,2
2024,Maluku,0.3810705171289205,0.20739542806854627,0.2041381375101284,0.2073959172924048,0
2024,Maluku Utara,0.1507280663787081,0.28322767221820555,0.2828165591841052,0.2832277022189812,3
2024,Nusa Tenggara Barat,0.4042429780187835,0.2011160926992589,0.19352368802641579,0.2011172412555418,0
2024,Nusa Tenggara Timur,0.6288351891026075,0.12523804612842065,0.12068802480847175,0.12523873996049997,0
2024,Papua,0.3641619931521533,0.2136025177066191,0.20863222727089722,0.2136032618703304,0
2024,Papua Barat,0.3225056564164138,0.22665562695387736,0.22418272133179357,0.2266559952979151,0
2024,Papua Barat Daya,0.5132123835323349,0.1637817906244672,0.15922334533560803,0.1637824805075899,0
2024,Papua Pegunungan,0.3271834013789908,0.22499269510550057,0.22283088496831424,0.22499301854719436,0
2024,Papua Selatan,0.3237950609236351,0.22641050905114318,0.22338346959647779,0.22641096042874392,0
2024,Papua Tengah,0.2687612852701814,0.2443195771314439,0.24259930688766213,0.2443198307107126,0
2024,Riau,0.18960778919782328,0.2702082941276726,0.26997560271581045,0.27020831395869366,3
2024,Sulawesi Barat,0.10997471346777576,0.2976345831948191,0.2947557736412749,0.29763492969613015,3
2024,Sulawesi Selatan,0.05148507383786369,0.31414958082090877,0.32021682379393585,0.3141485215472918,2
2024,Sulawesi Tengah,0.43060075132733844,0.1913652129435918,0.18666811555975443,0.1913659201693154,0
2024,Sulawesi Tenggara,0.13208523085320167,0.28790063704712626,0.2921141371471868,0.2878999949524852,2
2024,Sulawesi Utara,0.24667543467661637,0.25308601466169933,0.24715166011101783,0.25308689055066647,3
2024,Sumatera Barat,0.08870574512703341,0.3011225843411928,0.30905028773214793,0.3011213827996258,2
2024,Sumatera Selatan,0.1677919391591354,0.2807183262931735,0.2707699441229361,0.280719790424755,3
2024,Sumatera Utara,0.14426283004199103,0.2853526657722752,0.28503182454892806,0.28535267963680566,3
2025,Aceh,0.41256051122243814,0.19851796144946518,0.19040233110323332,0.1985191962248633,0
2025,Bali,0.24123264337552025,0.2535385670844868,0.25168995453058096,0.253538835009412,3
2025,Banten,0.2787241228325245,0.2409317941382172,0.23941206537712362,0.24093201765213465,0
2025,Bengkulu,0.24622482770698662,0.2517417345851933,0.2502914940039609,0.25174194370385916,3
2025,DKI Jakarta,0.21414519721698322,0.26161416725078224,0.2626266225985006,0.261614012933734,2
2025,Daerah Istimewa Yogyakarta,0.15337785998641915,0.2809535147100861,0.28471567807685333,0.2809529472266414,2
2025,Gorontalo,0.24344352645144013,0.2535918227116477,0.24937220830191342,0.25359244253499874,3
2025,Jambi,0.15131890537825032,0.28523246446133504,0.27821516259210655,0.28523346756830803,3
2025,Jawa Barat,0.13589498428439667,0.2871382366128489,0.2898289741666056,0.28713780493614893,2
2025,Jawa Tengah,0.13937937053788726,0.2846922196238382,0.291237153345493,0.28469125649278143,2
2025,Jawa Timur,0.07247986161999609,0.30256472712543303,0.3223934891992576,0.30256192205531324,2
2025,Kalimantan Barat,0.1600708792012258,0.2798636404634186,0.2802019164316534,0.2798635639037022,2
2025,Kalimantan Selatan,0.06985861109822035,0.30392230649170776,0.3222994032044819,0.30391967920559,2
2025,Kalimantan Tengah,0.07470232589016008,0.30874939889965686,0.3077988746568943,0.3087494005532887,3
2025,Kalimantan Timur,0.06719169213678906,0.3039886132425857,0.3248340279576851,0.30398566666294013,2
2025,Kalimantan Utara,0.14320735129618245,0.28362766488449903,0.28953818811874554,0.28362679570057303,2
2025,Kepulauan Bangka Belitung,0.13027635211132485,0.28766680343688306,0.2943910307273759,0.2876658137244162,2
2025,Kepulauan Riau,0.13734506685604833,0.28707640959410247,0.28850235449114686,0.28707616905870237,2
2025,Lampung,0.2184579513359648,0.26034384085912937,0.2608544478012546,0.2603437600036513,2
2025,Maluku,0.5839621574784105,0.1402053808488641,0.13562638578974812,0.14020607588297734,0
2025,Maluku Utara,0.1507280663787081,0.28322767221820555,0.2828165591841052,0.2832277022189812,3
2025,Nusa Tenggara Barat,0.28025866293982177,0.2415533289036011,0.23663395424621184,0.24155405391036527,0
2025,Nusa Tenggara Timur,0.6531243966267299,0.11766800317965787,0.11153865221158653,0.11766894798202569,0
2025,Papua,0.4904854175091128,0.17160017276493875,0.1663134366924446,0.17160097303350383,0
2025,Papua Barat,0.32088133046257317,0.22718216438458097,0.22475397904941333,0.22718252610343254,0
2025,Papua Barat Daya,0.17259208661959846,0.2750145753906761,0.27737912376920926,0.2750142142205161,2
2025,Papua Pegunungan,0.3271834013789908,0.22499269510550057,0.22283088496831424,0.22499301854719436,0
2025,Papua Selatan,0.3456702953234114,0.21955103487045877,0.21522698826553763,0.21955168154059218,0
2025,Papua Tengah,0.2687612852701814,0.2443195771314439,0.24259930688766213,0.2443198307107126,0
2025,Riau,0.14494686431147147,0.2840437267688892,0.28696613550473543,0.2840432734149039,2
2025,Sulawesi Barat,0.1688343779378394,0.2766996019791798,0.2777665968778773,0.27669942320510343,2
2025,Sulawesi Selatan,0.053517398616690706,0.31925802501632267,0.30796507140813817,0.3192595049588485,3
2025,Sulawesi Tengah,0.31720522141425694,0.22855888599064172,0.22567657711420955,0.22855931548089173,0
2025,Sulawesi Tenggara,0.1418296335494893,0.2849702416755906,0.288230384829322,0.28496973994559816,2
2025,Sulawesi Utara,0.14254995527409126,0.28595927228224255,0.28553147353462505,0.2859592989090412,3
2025,Sumatera Barat,0.09868100825001817,0.29720064631690574,0.30691912895017703,0.29719921648289904,2
2025,Sumatera Selatan,0.16655751214499062,0.27675618409823916,0.27993059345657995,0.27675571030019025,2
2025,Sumatera Utara,0.11314153399570018,0.2947157279940205,0.2974274552162156,0.2947152827940637,2
