Tahun,Provinsi,u_cluster_0,u_cluster_1,u_cluster_2,u_cluster_3,label
2019,Aceh,0.180019579995777,0.1935476061751162,0.19439836036303124,0.43203445346607555,3
2019,Bali,0.24421164999944728,0.2532299744909104,0.25373598771292444,0.24882238779671792,2
2019,Banten,0.2533548822089491,0.2545890338352359,0.2546368484107587,0.23741923554505637,2
2019,Bengkulu,0.2562857227653019,0.2620178417551633,0.26231015388490236,0.21938628159463242,2
2019,DKI Jakarta,0.2571909150102386,0.2565595667125473,0.25650683185429923,0.22974268642291482,0
2019,Daerah Istimewa Yogyakarta,0.29765563069312334,0.27787621295419224,0.2767254858695037,0.1477426704831807,0
2019,Gorontalo,0.2848985912097866,0.2883676382204435,0.28839627169566967,0.1383374988741002,2
2019,Jambi,0.21483906964822594,0.232821441742572,0.2339066929059491,0.31843279570325306,3
2019,Jawa Barat,0.27102026820521313,0.26770057337249575,0.26744869881989647,0.1938304596023947,0
2019,Jawa Tengah,0.33534522905581005,0.2863562895861902,0.28375771602407185,0.09454076533392793,0
2019,Jawa Timur,0.3385395827286884,0.2856503991139274,0.282908362980094,0.0929016551772902,0
2019,Kalimantan Barat,0.28476431128549756,0.29079907988863823,0.29091243724135013,0.13352417158451405,2
2019,Kalimantan Selatan,0.3332364043657182,0.2853667192592217,0.28285836807617415,0.09853850829888584,0
2019,Kalimantan Tengah,0.34062430891714385,0.2927359487371792,0.29004002170015675,0.07659972064552024,0
2019,Kalimantan Timur,0.33371700194286696,0.2893546877545198,0.28689931690959,0.09002899339302331,0
2019,Kalimantan Utara,0.2984902041915038,0.27998794848624237,0.27889678065085655,0.14262506667139727,0
2019,Kepulauan Bangka Belitung,0.20334402562763382,0.21562971072099563,0.2163866649622207,0.36463959868914986,3
2019,Kepulauan Riau,0.2643879752604875,0.2946242591883551,0.2962520120699238,0.14473575348123355,2
2019,Lampung,0.2672733285433263,0.2668971585086295,0.26681825317318036,0.19901125977486386,0
2019,Maluku,0.24874604826716473,0.28111138671628133,0.2830235666088944,0.18711899840765953,2
2019,Maluku Utara,0.2602549060367727,0.26589422433019616,0.26616235945228434,0.2076885101807468,2
2019,Nusa Tenggara Barat,0.27207377216260137,0.2692422567706048,0.2690183620118328,0.18966560905496097,0
2019,Nusa Tenggara Timur,0.09825434729804447,0.11581823693024428,0.11700777531755954,0.6689196404541518,3
2019,Papua,0.2281437413583742,0.23645199855878188,0.23694517859077946,0.29845908149206457,3
2019,Papua Barat,0.23990651786858685,0.2444726344835442,0.24473925865211565,0.27088158899575326,3
2019,Riau,0.23248746937007944,0.24424201008926297,0.24491907522885184,0.2783514453118058,3
2019,Sulawesi Barat,0.28901933606124797,0.27457994064067687,0.27372261727779273,0.16267810602028243,0
2019,Sulawesi Selatan,0.32513595685293734,0.3061355304013607,0.30448300197167943,0.0642455107740225,0
2019,Sulawesi Tengah,0.2034537456806002,0.22293875584590836,0.2241471864132044,0.349460312060287,3
2019,Sulawesi Tenggara,0.26868018928208953,0.2748338017867687,0.2751007738081906,0.18138523512295113,2
2019,Sulawesi Utara,0.2864796400070344,0.28039994953558073,0.27993787096051204,0.15318253949687288,0
2019,Sumatera Barat,0.3369371008072904,0.2908837800994774,0.28833408754081397,0.08384503155241826,0
2019,Sumatera Selatan,0.2842736413065179,0.27423370605928166,0.2735987902290904,0.1678938624051101,0
2019,Sumatera Utara,0.25198152070961805,0.2679036436114209,0.2687785395359879,0.21133629614297314,2
2020,Aceh,0.20248654686183623,0.212836989504213,0.21348028521974455,0.37119617841420627,3
2020,Bali,0.23667172120911673,0.24407962971587918,0.24451218621160883,0.2747364628633953,3
2020,Banten,0.258173377262017,0.2578205368871432,0.2577726317935345,0.22623345405730533,0
2020,Bengkulu,0.3313228533550902,0.28977568917365853,0.28746207381776434,0.0914393836534869,0
2020,DKI Jakarta,0.25945577414667204,0.25786949973638557,0.2577572507013573,0.2249174754155851,0
2020,Daerah Istimewa Yogyakarta,0.3076511746873258,0.28010390192299833,0.2785673995259608,0.1336775238637151,0
2020,Gorontalo,0.33668697449073637,0.28786456190397064,0.28527764641478154,0.09017081719051136,0
2020,Jambi,0.17933604802714434,0.199795153061019,0.20109221914683126,0.41977657976500543,3
2020,Jawa Barat,0.30112031273345186,0.2851076237103803,0.28406404575817207,0.1297080177979958,0
2020,Jawa Tengah,0.32648678815353327,0.2977644952680572,0.29583086529017,0.07991785128823946,0
2020,Jawa Timur,0.33320786999929947,0.2850715847854475,0.2825498053081315,0.09917073990712158,0
2020,Kalimantan Barat,0.3300928205822197,0.29087861043573404,0.28863881516813034,0.09038975381391592,0
2020,Kalimantan Selatan,0.3313803610325825,0.28513327441840797,0.28270119955202305,0.10078516499698645,0
2020,Kalimantan Tengah,0.3307524045119481,0.298197639441497,0.2961117245683364,0.07493823147821861,0
2020,Kalimantan Timur,0.33749947283431714,0.28645469784126154,0.2837766553288791,0.0922691739955423,0
2020,Kalimantan Utara,0.2971548149517316,0.2810461382087598,0.2800561323036085,0.14174291453590016,0
2020,Kepulauan Bangka Belitung,0.26727593350274936,0.27629976502317216,0.2767170039997495,0.17970729747432904,2
2020,Kepulauan Riau,0.27942426422220723,0.28379232146558725,0.28387874119783363,0.15290467311437186,2
2020,Lampung,0.2478384759572198,0.2779134809138494,0.27968129014159027,0.19456675298734047,2
2020,Maluku,0.17436542184339707,0.18828631799259055,0.189164093997907,0.44818416616610535,3
2020,Maluku Utara,0.2868872922457274,0.2811703287271451,0.2807319094970227,0.1512104695301047,0
2020,Nusa Tenggara Barat,0.21066067065527636,0.22367713341713416,0.22446608916262528,0.3411961067649642,3
2020,Nusa Tenggara Timur,0.15491824511137622,0.18915024214957812,0.1914900341257198,0.4644414786133258,3
2020,Papua,0.1796750199948869,0.1949754568831839,0.195938397942181,0.4294111251797482,3
2020,Papua Barat,0.23977333744734286,0.24502302164528,0.2453267577016574,0.2698768832057198,3
2020,Riau,0.2068616010175873,0.2170182774419345,0.21764334132553573,0.3584767802149425,3
2020,Sulawesi Barat,0.2496390157515052,0.25478091676160597,0.2550491955188754,0.24053087196801345,2
2020,Sulawesi Selatan,0.31617632076185365,0.30719737304499245,0.30611672499001086,0.07050958120314305,0
2020,Sulawesi Tengah,0.29888035346614217,0.2812035978287516,0.2801324145379439,0.13978363416716233,0
2020,Sulawesi Tenggara,0.32655752056675985,0.29528282389959115,0.29334308639718126,0.08481656913646772,0
2020,Sulawesi Utara,0.2572667769743818,0.25612733350333544,0.25604704383114485,0.23055884569113788,0
2020,Sumatera Barat,0.3474619674507303,0.29126489672495753,0.2882517118446403,0.07302142397967182,0
2020,Sumatera Selatan,0.3349391577681437,0.2893366437978426,0.2868265632083737,0.08889763522564001,0
2020,Sumatera Utara,0.31825164787298615,0.2928030843991076,0.29120958087660587,0.09773568685130034,0
2021,Aceh,0.14600042721630235,0.16115166337566136,0.16212701442956984,0.5307208949784664,3
2021,Bali,0.23906628455208434,0.24774560826577444,0.2482446174867191,0.2649434896954221,3
2021,Banten,0.2656751255754772,0.2645132700123948,0.26439178100946725,0.2054198234026608,0
2021,Bengkulu,0.2704689325716611,0.26880183672114744,0.2686553333179828,0.1920738973892087,0
2021,DKI Jakarta,0.2652667467132641,0.26164463488000167,0.2614074957074007,0.21168112269933348,0
2021,Daerah Istimewa Yogyakarta,0.27928125914554397,0.27024938027944606,0.26969204020063087,0.18077732037437913,0
2021,Gorontalo,0.2302146219069322,0.2356776221765256,0.23600874080701817,0.298099015109524,3
2021,Jambi,0.2657919924637728,0.265900850004066,0.2658487870416789,0.20245837049048224,1
2021,Jawa Barat,0.29207457846067325,0.28110127936424195,0.28034730672295627,0.14647683545212853,0
2021,Jawa Tengah,0.3143014936361341,0.2986979497860919,0.29743349313823875,0.08956706343953529,0
2021,Jawa Timur,0.33489343511773273,0.28807293611131585,0.28553881049343477,0.09149481827751664,0
2021,Kalimantan Barat,0.31733095568054953,0.286399108765424,0.28463088000841674,0.11163905554560977,0
2021,Kalimantan Selatan,0.3395060172635656,0.28610603868791373,0.2833415776416806,0.09104636640684005,0
2021,Kalimantan Tengah,0.24199797632379152,0.267164893003446,0.2686430114601961,0.22219411921256635,2
2021,Kalimantan Timur,0.3582621974259073,0.2876324943218665,0.2840794836756994,0.0700258245765268,0
2021,Kalimantan Utara,0.28682087140319146,0.27352809167018105,0.2727436859323305,0.16690735099429693,0
2021,Kepulauan Bangka Belitung,0.23091698819426323,0.24551785381052754,0.24637687625692412,0.277188281738285,3
2021,Kepulauan Riau,0.22954408635335355,0.2403431731419362,0.2409727830338502,0.28913995747086,3
2021,Lampung,0.25198942486624737,0.2893500933743448,0.2915279065917809,0.1671325751676269,2
2021,Maluku,0.15698338455715302,0.17145499772750677,0.17238220994939674,0.4991794077659435,3
2021,Maluku Utara,0.24549988977394896,0.25382434864867015,0.25429102886362903,0.24638473271375189,2
2021,Nusa Tenggara Barat,0.22927194101119008,0.24439419271182775,0.24527251161668684,0.28106135466029536,3
2021,Nusa Tenggara Timur,0.21821904354659066,0.24006313877106594,0.24138124802397057,0.3003365696583728,3
2021,Papua,0.20498959047417117,0.24097942188029733,0.2433206737584326,0.3107103138870989,3
2021,Papua Barat,0.21204223322679092,0.2212102099920454,0.22177262801215877,0.34497492876900493,3
2021,Riau,0.3137547402257973,0.2848481312827356,0.2832033168125212,0.11819381167894591,0
2021,Sulawesi Barat,0.2791520777808718,0.2759767158611067,0.27568879443952987,0.16918241191849162,0
2021,Sulawesi Selatan,0.30657769448346656,0.30356807515267065,0.30295256633092926,0.08690166403293353,0
2021,Sulawesi Tengah,0.21028436918478613,0.2234829979524177,0.22428459365439318,0.34194803920840305,3
2021,Sulawesi Tenggara,0.3097086502519784,0.288138396588251,0.28680135701672976,0.1153515961430408,0
2021,Sulawesi Utara,0.2855751394651673,0.29519221482377733,0.2954597792296275,0.12377286648142793,2
2021,Sumatera Barat,0.33475997905766913,0.28925277013370027,0.2867821300702848,0.08920512073834583,0
2021,Sumatera Selatan,0.35660244514777273,0.28978716724934517,0.2863053353467042,0.06730505225617797,0
2021,Sumatera Utara,0.16927279034786866,0.18733658089520183,0.18848331451117192,0.4549073142457576,3
2022,Aceh,0.12839637355475036,0.15093940261159666,0.152456054502775,0.5682081693308779,3
2022,Bali,0.24828180148079732,0.25414897337887776,0.2544723005029902,0.24309692463733473,2
2022,Banten,0.26705292798290464,0.2663487966403654,0.2662417746247188,0.20035650075201114,0
2022,Bengkulu,0.29352824587449333,0.2770425390286638,0.2760705238144682,0.1533586912823746,0
2022,DKI Jakarta,0.2570316638566188,0.26379088220395935,0.2641350404202971,0.21504241351912468,2
2022,Daerah Istimewa Yogyakarta,0.3038843261066971,0.28206625041285216,0.2807853586561997,0.13326406482425102,0
2022,Gorontalo,0.2211511778124858,0.2388335351415933,0.239903088957803,0.30011219808811795,3
2022,Jambi,0.24662673326751586,0.26285688046886224,0.2637766090211332,0.22673977724248873,2
2022,Jawa Barat,0.2802704705148515,0.276553158136227,0.27621804795352856,0.166958323395393,0
2022,Jawa Tengah,0.31153956719976383,0.2996056081110521,0.29850369181336583,0.09035113287581822,0
2022,Jawa Timur,0.3414680370208933,0.289930288934904,0.28712596199500706,0.0814757120491956,0
2022,Kalimantan Barat,0.2877075896784665,0.28516593868577883,0.28485770222058737,0.14226876941516722,0
2022,Kalimantan Selatan,0.3416203975916191,0.28842820239921296,0.28561490175442306,0.08433649825474487,0
2022,Kalimantan Tengah,0.24632423202256085,0.26981771971799706,0.27117685881707154,0.2126811894423706,2
2022,Kalimantan Timur,0.34226903024688105,0.28654925553583466,0.28367285387328595,0.08750886034399834,0
2022,Kalimantan Utara,0.2868285657164584,0.27353216071345476,0.2727475400860109,0.16689173348407596,0
2022,Kepulauan Bangka Belitung,0.27410324099832184,0.2816254293380622,0.2819324605600944,0.1623388691035215,2
2022,Kepulauan Riau,0.2554353284486314,0.25897178368186696,0.25914192820600923,0.22645095966349238,2
2022,Lampung,0.3328572454813173,0.28799533635671326,0.2855677364082362,0.09357968175373324,0
2022,Maluku,0.3014917325064634,0.2867005986594537,0.28574763734537306,0.12606003148870984,0
2022,Maluku Utara,0.21882896719282632,0.22726906690519832,0.22778114900678068,0.3261208168951947,3
2022,Nusa Tenggara Barat,0.21709798391180035,0.23616160208661685,0.23730226344470795,0.30943815055687485,3
2022,Nusa Tenggara Timur,0.1773918907016222,0.1997087566670861,0.20113996707447437,0.42175938555681736,3
2022,Papua,0.21463330866463612,0.2231691849453999,0.22369323394344373,0.3385042724465203,3
2022,Papua Barat,0.21395759466949515,0.2224502783577862,0.22297309001850127,0.3406190369542174,3
2022,Papua Barat Daya,0.15227066157762348,0.1673359597493861,0.1683015149643381,0.5120918637086523,3
2022,Papua Pegunungan,0.21940677653934587,0.22661701433652806,0.22706083423368914,0.32691537489043687,3
2022,Papua Selatan,0.23802625560268667,0.2529726772017202,0.25384355558981586,0.2551575116057773,3
2022,Papua Tengah,0.23976819405919617,0.2455701074745646,0.24590871259965638,0.26875298586658286,3
2022,Riau,0.24305803809143817,0.26421186959099363,0.2654283753673301,0.2273017169502381,2
2022,Sulawesi Barat,0.2791520777808718,0.2759767158611067,0.27568879443952987,0.16918241191849162,0
2022,Sulawesi Selatan,0.3321870312299423,0.2985270148085825,0.29636284506021926,0.0729231089012559,0
2022,Sulawesi Tengah,0.17611528983127644,0.19545785343229968,0.1966845020167776,0.4317423547196463,3
2022,Sulawesi Tenggara,0.32065238368235327,0.29246091983515127,0.29073038777354904,0.09615630870894631,0
2022,Sulawesi Utara,0.2833965864166979,0.2939867445373215,0.2943536072044678,0.12826306184151282,2
2022,Sumatera Barat,0.3504203830605468,0.2894177314239696,0.2862435727639674,0.07391831275151624,0
2022,Sumatera Selatan,0.35077154400755967,0.2879422329379837,0.2847186477354488,0.07656757531900782,0
2022,Sumatera Utara,0.26075915232806174,0.28518399267659683,0.2864956984529509,0.1675611565423905,2
2023,Aceh,0.10997973985114724,0.12859006976009216,0.12984198399459185,0.6315882063941688,3
2023,Bali,0.2537959012469116,0.2585213012509098,0.2587685670850979,0.22891423041708073,2
2023,Banten,0.27184024062585194,0.26674709380329525,0.2664057695450865,0.19500689602576632,0
2023,Bengkulu,0.31758960470037034,0.2832512749378405,0.2813662801738951,0.11779284018789409,0
2023,DKI Jakarta,0.2652701711800763,0.2616470700382313,0.2614098682218502,0.21167289055984218,0
2023,Daerah Istimewa Yogyakarta,0.2877349752645376,0.2754342148029588,0.27467233064449603,0.1621584792880075,0
2023,Gorontalo,0.22487402606925755,0.23741228108226387,0.23815854734328368,0.2995551455051949,3
2023,Jambi,0.2887944283573898,0.2802576128383442,0.27965676694025515,0.1512911918640109,0
2023,Jawa Barat,0.27824569837202245,0.2742593654359988,0.2739268901718991,0.1735680460200796,0
2023,Jawa Tengah,0.3099702131754836,0.30190113750424474,0.30095732880855325,0.08717132051171841,0
2023,Jawa Timur,0.3457044107160538,0.2885203387965745,0.2855064617232841,0.08026878876408752,0
2023,Kalimantan Barat,0.2915269724582842,0.2826786674427424,0.28205755093237134,0.14373680916660214,0
2023,Kalimantan Selatan,0.3360292122687251,0.28579491363647475,0.2831689704789646,0.09500690361583554,0
2023,Kalimantan Tengah,0.26681592987639013,0.3098091563705594,0.3121907810201791,0.11118413273287144,2
2023,Kalimantan Timur,0.3372990130180939,0.285980373518015,0.2833029657512793,0.09341764771261188,0
2023,Kalimantan Utara,0.2857127140351292,0.27404265572357517,0.2733318324370544,0.1669127978042412,0
2023,Kepulauan Bangka Belitung,0.2636610327235528,0.30732028423722535,0.30975337243059564,0.11926531060862627,2
2023,Kepulauan Riau,0.3037152522921731,0.29799799663339377,0.29731967637871326,0.1009670746957198,0
2023,Lampung,0.34166416404003935,0.29541034289666923,0.29271703447187664,0.0702084585914147,0
2023,Maluku,0.2342255372868754,0.24721919035692663,0.24797364751255396,0.270581624843644,3
2023,Maluku Utara,0.28163689816687965,0.2836077306811146,0.28357630064746886,0.1511790705045368,1
2023,Nusa Tenggara Barat,0.2548858035776545,0.26178697538787693,0.2621194290478063,0.22120779198666224,2
2023,Nusa Tenggara Timur,0.07238255230360266,0.08463807233591461,0.08546616720074665,0.7575132081597361,3
2023,Papua,0.1779584524501757,0.19154964406801261,0.19240596911151472,0.43808593437029697,3
2023,Papua Barat,0.19361465652253543,0.20480392491828991,0.2055019403544719,0.39607947820470274,3
2023,Papua Barat Daya,0.18298142258750943,0.19586615668105334,0.19667704261720118,0.4244753781142361,3
2023,Papua Pegunungan,0.21940677653934587,0.22661701433652806,0.22706083423368914,0.32691537489043687,3
2023,Papua Selatan,0.20403957053714825,0.21480443024259585,0.21547120175770484,0.3656847974625511,3
2023,Papua Tengah,0.23976819405919617,0.2455701074745646,0.24590871259965638,0.26875298586658286,3
2023,Riau,0.1979306713222197,0.2194993466602935,0.22085571075391014,0.36171427126357664,3
2023,Sulawesi Barat,0.2791520777808718,0.2759767158611067,0.2756887944395298,0.16918241191849162,0
2023,Sulawesi Selatan,0.3255866786102103,0.31000904340903657,0.30838240743107886,0.05602187054967434,0
2023,Sulawesi Tengah,0.21645950445432907,0.22980874702308807,0.2306097069165299,0.32312204160605296,3
2023,Sulawesi Tenggara,0.3203209005330833,0.29666965315165755,0.2951009007964578,0.08790854551880137,0
2023,Sulawesi Utara,0.26451746487259375,0.28002676920354486,0.28081280880226067,0.17464295712160066,2
2023,Sumatera Barat,0.35535934875057906,0.2895463554243437,0.2861403714188585,0.06895392440621867,0
2023,Sumatera Selatan,0.32379983136012985,0.2880547127147224,0.2860374653680577,0.10210799055709013,0
2023,Sumatera Utara,0.18808694213147667,0.2087588899724107,0.2100650686435524,0.3930890992525603,3
2024,Aceh,0.1211383061943955,0.13919699025832943,0.1403930955014255,0.5992716080458496,3
2024,Bali,0.2529321924984524,0.25831916974025104,0.25860218120848594,0.2301464565528106,2
2024,Banten,0.2753266478666148,0.26885444150167015,0.26843109969041656,0.1873878109412985,0
2024,Bengkulu,0.31281603975296013,0.2811662781885567,0.2794392842711683,0.1265783977873148,0
2024,DKI Jakarta,0.2651317668263107,0.2615485834629698,0.2613139099080176,0.2120057398027019,0
2024,Daerah Istimewa Yogyakarta,0.2879511927586098,0.2763679988626293,0.2756300102547797,0.1600507981239812,0
2024,Gorontalo,0.2070386307893271,0.21994812606103858,0.2207428000043494,0.35227044314528483,3
2024,Jambi,0.3275452502189345,0.29554733284500756,0.29352953500514556,0.08337788193091239,0
2024,Jawa Barat,0.29455031737472287,0.28483527843883977,0.2841087851949438,0.13650561899149358,0
2024,Jawa Tengah,0.3134488390254599,0.2987790321338599,0.29756370838858215,0.090208420452098,0
2024,Jawa Timur,0.3585073453014345,0.29114419746227266,0.28757762184822716,0.0627708353880657,0
2024,Kalimantan Barat,0.2901547275880053,0.2797615511180755,0.2790818952516581,0.15100182604226103,0
2024,Kalimantan Selatan,0.32542750371857393,0.28728539842915446,0.2851720361286988,0.10211506172357285,0
2024,Kalimantan Tengah,0.24234733360930358,0.26970565772230193,0.27130865673467985,0.2166383519337147,2
2024,Kalimantan Timur,0.3540031713076833,0.288579637362087,0.28521818613792876,0.07219900519230085,0
2024,Kalimantan Utara,0.28628400316055097,0.2743964397482311,0.27367171535901963,0.16564784173219832,0
2024,Kepulauan Bangka Belitung,0.2460714674891299,0.25455794507392876,0.2550339392542343,0.2443366481827071,2
2024,Kepulauan Riau,0.3198323913301953,0.2910706437936075,0.2893181316928128,0.09977883318338439,0
2024,Lampung,0.2888931089047778,0.28795643230707435,0.287721629349791,0.13542882943835682,0
2024,Maluku,0.1990338443823463,0.20986179975129238,0.21053739873220764,0.38056695713415367,3
2024,Maluku Utara,0.28163689816687965,0.2836077306811146,0.28357630064746886,0.1511790705045368,1
2024,Nusa Tenggara Barat,0.1815189335387935,0.20653743087078016,0.20813817767810325,0.40380545791232303,3
2024,Nusa Tenggara Timur,0.11393702232797988,0.12889682318923948,0.1298813209991224,0.6272848334836583,3
2024,Papua,0.2006682365268324,0.21721364588909764,0.21823468976973062,0.36388342781433936,3
2024,Papua Barat,0.2202138844452487,0.22849131805330156,0.22899285953731796,0.3223019379641318,3
2024,Papua Barat Daya,0.15227066157762348,0.1673359597493861,0.1683015149643381,0.5120918637086523,3
2024,Papua Pegunungan,0.21940677653934587,0.22661701433652806,0.22706083423368914,0.32691537489043687,3
2024,Papua Selatan,0.21851885084884384,0.22863695250732824,0.22925241738594995,0.3235917792578779,3
2024,Papua Tengah,0.23976819405919617,0.2455701074745646,0.24590871259965638,0.26875298586658286,3
2024,Riau,0.2693213154767253,0.2703851147846842,0.2703777512180057,0.18991581852058478,1
2024,Sulawesi Barat,0.28895539698770517,0.30009125477965204,0.30036942152583174,0.11058392670681094,2
2024,Sulawesi Selatan,0.3278534530067444,0.31090636290902895,0.3091327845670628,0.05210739951716397,0
2024,Sulawesi Tengah,0.17932071844716113,0.19489466820128654,0.19587481344278784,0.4299097999087645,3
2024,Sulawesi Tenggara,0.2986661846622787,0.28489013194914886,0.283985419693886,0.13245826369468638,0
2024,Sulawesi Utara,0.23734355803968782,0.2572911676449674,0.25846010604648817,0.24690516826885664,2
2024,Sumatera Barat,0.3215168730325262,0.2955319385513688,0.29385761537540844,0.0890935730406967,0
2024,Sumatera Selatan,0.25439068607547877,0.2877891499576592,0.28972409659520393,0.1680960673716581,2
2024,Sumatera Utara,0.2839805575199625,0.2856919978177916,0.2856316889448996,0.14469575571734639,1
2025,Aceh,0.1776898355065609,0.2043068966890218,0.2060443484794684,0.41195891932494894,3
2025,Bali,0.24855293004398946,0.25487120294114335,0.2552180530553752,0.241357813959492,2
2025,Banten,0.2369158666487851,0.24205577644487125,0.24235346363442917,0.27867489327191436,3
2025,Bengkulu,0.24780653167327815,0.2527896133304732,0.253058341923795,0.24634551307245367,2
2025,DKI Jakarta,0.26418812986286805,0.2608734984175916,0.26065586825799975,0.21428250346154049,0
2025,Daerah Istimewa Yogyakarta,0.2906637846021133,0.2782352035938813,0.27744824641255134,0.15365276539145398,0
2025,Gorontalo,0.24235732684743194,0.2566071755579483,0.2574282248821252,0.24360727271249455,2
2025,Jambi,0.2662436264147364,0.2903667145286658,0.2916231025318369,0.15176655652476084,2
2025,Jawa Barat,0.29369353149522165,0.28532722054094795,0.28467187391000487,0.13630737405382548,0
2025,Jawa Tengah,0.3019849883319136,0.27987217518462687,0.2785891831755314,0.13955365330792813,0
2025,Jawa Timur,0.35663355762767324,0.2873049468409144,0.283818399120609,0.07224309641080334,0
2025,Kalimantan Barat,0.280293515679319,0.2796831759708141,0.27952016052254824,0.16050314782731862,0
2025,Kalimantan Selatan,0.35353990846665356,0.2899947031088218,0.2866716662915329,0.06979372213299172,0
2025,Kalimantan Tengah,0.30442104908154405,0.31025692905071006,0.30993781567360007,0.0753842061941458,1
2025,Kalimantan Timur,0.3608342015334385,0.2879330637283872,0.2842771073040479,0.06695562743412643,0
2025,Kalimantan Utara,0.2992521289374939,0.279262177328424,0.2781049860089838,0.1433807077250982,0
2025,Kepulauan Bangka Belitung,0.3054216511435436,0.28270473079411945,0.28138540079482904,0.1304882172675079,0
2025,Kepulauan Riau,0.2903121521984685,0.28611780547210075,0.28572792050201984,0.1378421218274109,0
2025,Lampung,0.261582605196996,0.25996943855898164,0.25984861867862014,0.2185993375654022,0
2025,Maluku,0.12875353075273901,0.1438601098442692,0.1448383630478923,0.5825479963550995,3
2025,Maluku Utara,0.28163689816687965,0.2836077306811146,0.28357630064746886,0.1511790705045368,1
2025,Nusa Tenggara Barat,0.22850491017568947,0.2450779216716075,0.24604457590620693,0.28037259224649613,3
2025,Nusa Tenggara Timur,0.1022498520222517,0.12216419105410714,0.12352484875511818,0.652061108168523,3
2025,Papua,0.15815771776784987,0.17561304010793502,0.17673249087408774,0.48949675125012737,3
2025,Papua Barat,0.2208570224645687,0.2289839427569793,0.2294765293206548,0.32068250545779714,3
2025,Papua Barat Daya,0.2810253952277551,0.2733056000007201,0.27279469754343616,0.17287430722808864,0
2025,Papua Pegunungan,0.21940677653934587,0.22661701433652806,0.22706083423368914,0.32691537489043687,3
2025,Papua Selatan,0.20830123034010348,0.2227114630166388,0.223597036740598,0.3453902699026597,3
2025,Papua Tengah,0.23976819405919617,0.2455701074745646,0.24590871259965638,0.26875298586658286,3
2025,Riau,0.2913798733949446,0.281979453996197,0.2813228202162231,0.14531785239263528,0
2025,Sulawesi Barat,0.2791520777808718,0.2759767158611067,0.2756887944395298,0.16918241191849162,0
2025,Sulawesi Selatan,0.2876511408091446,0.32838180047971954,0.32986652985128023,0.05410052885985553,2
2025,Sulawesi Tengah,0.2210369385506715,0.2306755432294583,0.231260325938085,0.3170271922817852,3
2025,Sulawesi Tenggara,0.2932136668700135,0.2826489066746155,0.2819309316474296,0.14220649480794145,0
2025,Sulawesi Utara,0.28421805865532135,0.286371414393284,0.2863228563337215,0.1430876706176732,1
2025,Sumatera Barat,0.32284433427895826,0.2900683247152946,0.28816750072456,0.09891984028118715,0
2025,Sumatera Selatan,0.2850061732320315,0.27441548649985303,0.2737692177312624,0.16680912253685312,0
2025,Sumatera Utara,0.30115359295280614,0.29294092173395087,0.29224421635071574,0.11366126896252733,0
