Tahun,Provinsi,u_cluster_0,u_cluster_1,u_cluster_2,u_cluster_3,label
2019,Aceh,0.43215741966821997,0.180704934744782,0.1929851322847085,0.19415251330228955,0
2019,Bali,0.24880362308767198,0.2447132778876484,0.25289203999853227,0.25359105902614737,3
2019,Banten,0.2374044845962712,0.25343262507739645,0.254547589726907,0.2546153005994254,3
2019,Bengkulu,0.21935251934845965,0.2566178784453178,0.26181168440337615,0.2622179178028464,3
2019,DKI Jakarta,0.22972817765911815,0.2571646652065835,0.25658928856083413,0.2565178685734642,1
2019,Daerah Istimewa Yogyakarta,0.14771489890619754,0.2965844346442551,0.27864328628766366,0.2770573801618837,1
2019,Gorontalo,0.13825011959771563,0.28515539014253705,0.2882708534062769,0.28832363685347046,3
2019,Jambi,0.3184540382080147,0.21580304069781636,0.23212493345363364,0.23361798764053532,0
2019,Jawa Barat,0.19379375624281844,0.270864478527466,0.2678422196563995,0.2674995455733161,1
2019,Jawa Tengah,0.09455115327319834,0.3326042308974613,0.288222132956955,0.28462248287238534,1
2019,Jawa Timur,0.09292525652362564,0.33555638818404104,0.28766065005047675,0.2838577052418566,1
2019,Kalimantan Barat,0.13343129177026916,0.2851765793078539,0.29060881615898476,0.2907833127628921,3
2019,Kalimantan Selatan,0.09855278109419531,0.33054560465515276,0.28718915435453485,0.28371245989611704,1
2019,Kalimantan Tengah,0.07657592512713307,0.3380105659807708,0.2945686343805338,0.2908448745115623,1
2019,Kalimantan Timur,0.09001578871274546,0.33127353852156616,0.29105223738132224,0.2876584353843661,1
2019,Kalimantan Utara,0.14259147416034365,0.2974943436790088,0.28070844845571524,0.27920573370493235,1
2019,Kepulauan Bangka Belitung,0.3647033026857298,0.20398493057879244,0.21513592178059995,0.21617584495487788,0
2019,Kepulauan Riau,0.1446736231655812,0.2660648701782602,0.29350218770083486,0.29575931895532376,3
2019,Lampung,0.19897379469097767,0.2672774925707842,0.2669265121181891,0.2668222006200492,1
2019,Maluku,0.18708037122835974,0.25050111363415867,0.27989118622443304,0.2825273289130485,3
2019,Maluku Utara,0.20763733130440332,0.260592622635588,0.26569789844673913,0.2660721476132694,3
2019,Nusa Tenggara Barat,0.18962434933690453,0.2719461309075479,0.2693667820751903,0.2690627376803574,1
2019,Nusa Tenggara Timur,0.66911839707503,0.09911441686893184,0.11507066414671695,0.1166965219093212,0
2019,Papua,0.2984781129462315,0.22858915606967672,0.2361269056424765,0.23680582534161518,0
2019,Papua Barat,0.27088817482459293,0.24015342835197617,0.24429549098883924,0.2446629058345917,0
2019,Riau,0.2783486850660264,0.23313048340165093,0.24379349579692527,0.24472733573539732,0
2019,Sulawesi Barat,0.16264691290025865,0.2882447716477385,0.27514425855837427,0.2739640568936286,1
2019,Sulawesi Selatan,0.06415115326212663,0.3242761865489285,0.30690586577952683,0.304666794409418,1
2019,Sulawesi Tengah,0.34950489435992915,0.20448453465823324,0.22217528606974432,0.22383528491209326,0
2019,Sulawesi Tenggara,0.1813242347418644,0.26905444051964245,0.2746230105143659,0.27499831422412735,3
2019,Sulawesi Utara,0.153111881840872,0.2861986955936713,0.28065919190062083,0.2800302306648359,1
2019,Sumatera Barat,0.08382949696548919,0.33440307578671424,0.29264584813792827,0.2891215791098683,1
2019,Sumatera Selatan,0.16785563364966555,0.28374962406969134,0.2746329692900541,0.273761772990589,1
2019,Sumatera Utara,0.21129152620789923,0.2528723292239465,0.2673128160066428,0.26852332856151145,3
2020,Aceh,0.3712715250068562,0.20301867475423085,0.21241326125717477,0.21329653898173814,0
2020,Bali,0.2747386350005688,0.23707486406394018,0.24379520829139345,0.2443912926440975,0
2020,Banten,0.2262147736669704,0.2581663910907993,0.25784138182217237,0.25777745342005787,1
2020,Bengkulu,0.09142164137729114,0.32903833157251994,0.2913682857925301,0.2881717412576588,1
2020,DKI Jakarta,0.2249001711583637,0.25937940807632337,0.2579368023226575,0.25778361844265546,1
2020,Daerah Istimewa Yogyakarta,0.13366313627905524,0.3061340502647329,0.28116255364858633,0.2790402598076255,1
2020,Gorontalo,0.09017568244900077,0.3339562729629042,0.28972583863405976,0.2861422059540353,1
2020,Jambi,0.4198762560564458,0.18039588557232294,0.19897417472725518,0.20075368364397606,0
2020,Jawa Barat,0.1296548828121141,0.30029185402426317,0.2857417245319012,0.2843115386317215,1
2020,Jawa Tengah,0.07984935698228145,0.3250219291138942,0.2988882737442652,0.29624044015955914,1
2020,Jawa Timur,0.0991872118983535,0.3305009544792742,0.28690358716868697,0.28340824645368534,1
2020,Kalimantan Barat,0.09035683015766065,0.32796293770364626,0.29238569459653235,0.28929453754216067,1
2020,Kalimantan Selatan,0.10079520620326822,0.3287854757713622,0.28689487153542054,0.2835244464899491,1
2020,Kalimantan Tengah,0.07487412745168054,0.32906098430636693,0.29946385123680885,0.2966010370051436,1
2020,Kalimantan Timur,0.09228412084887133,0.33463359090906036,0.2883971037403565,0.2846851845017118,1
2020,Kalimantan Utara,0.14170199597134248,0.2963014043943578,0.28167855374961115,0.2803180458846885,1
2020,Kepulauan Bangka Belitung,0.17964521252601207,0.267810005579552,0.27598045691755424,0.27656432497688166,3
2020,Kepulauan Riau,0.15282961338763756,0.2797237462380107,0.28365725005620607,0.2837893903181457,3
2020,Lampung,0.19453182478421252,0.2494721922689885,0.2767792282505905,0.2792167546962085,3
2020,Maluku,0.44831217951654884,0.17506992559480503,0.18770682731340838,0.18891106757523773,0
2020,Maluku Utara,0.15114853507982326,0.28662051606370587,0.28141361424320704,0.2808173346132638,1
2020,Nusa Tenggara Barat,0.3412337712127037,0.21135174627232936,0.22316477618961816,0.22424970632534874,0
2020,Nusa Tenggara Timur,0.46458757198693673,0.15665765203870805,0.18777812503842412,0.19097665093593105,0
2020,Papua,0.42952512061803494,0.1804576893620986,0.19434791547012087,0.19566927454974564,0
2020,Papua Barat,0.26987988355837916,0.24005939046078914,0.24482098125501595,0.24523974472581575,0
2020,Riau,0.35854015974615056,0.20738852416471742,0.21660631235097366,0.21746500373815833,0
2020,Sulawesi Barat,0.2405081094223799,0.24993408898189118,0.25459283857632037,0.2549649630194086,3
2020,Sulawesi Selatan,0.07040787611476837,0.31585644700195625,0.30759206355184887,0.30614361333142653,1
2020,Sulawesi Tengah,0.13973893233351092,0.297941983346132,0.2818962028312552,0.2804228814891018,1
2020,Sulawesi Tenggara,0.08476075893803485,0.3249084614045912,0.2964982410148037,0.2938325386425702,1
2020,Sulawesi Utara,0.23054431617373597,0.25721261853205935,0.25617633215942553,0.2560667331347791,1
2020,Sumatera Barat,0.07301893145984373,0.34434188934991905,0.29340587798069867,0.28923330120953855,1
2020,Sumatera Selatan,0.0888883856033611,0.3324215020708688,0.29108023092192054,0.28760988140384963,1
2020,Sumatera Utara,0.09768165343073364,0.31691277691225483,0.29379701330008895,0.2916085563569226,1
2021,Aceh,0.5309168732200166,0.14674516410177388,0.16050071911099295,0.16183724356721668,0
2021,Bali,0.2649364526168804,0.23954314066098686,0.2474160462165926,0.24810436050554013,0
2021,Banten,0.2053865236507247,0.2656348703310385,0.2645709739711339,0.2644076320471029,1
2021,Bengkulu,0.19203312431647393,0.27040198401364857,0.2688814536792612,0.2686834379906163,1
2021,DKI Jakarta,0.21165733294311845,0.2650831634617222,0.26179219266367015,0.2614673109314892,1
2021,Daerah Istimewa Yogyakarta,0.18074262497952936,0.27880735903957105,0.27060790394020845,0.26984211204069114,1
2021,Gorontalo,0.2981225366578371,0.23050268425983572,0.2354597632127755,0.23591501586955166,0
2021,Jambi,0.2024220722413807,0.265822580811663,0.2659112713604628,0.26584407558649353,2
2021,Jawa Barat,0.14642233867844223,0.291522080228745,0.28154315457555845,0.28051242651725433,1
2021,Jawa Tengah,0.08948413405537788,0.3135695434172793,0.2993318231306465,0.2976144993966964,1
2021,Jawa Timur,0.091493778601265,0.33229238011684653,0.28986020819960406,0.2863536330822844,1
2021,Kalimantan Barat,0.11161143255053407,0.315645441986168,0.28759132086696737,0.2851518045963305,1
2021,Kalimantan Selatan,0.09106889961770061,0.3364936262518373,0.28813591296541485,0.28430156116504723,1
2021,Kalimantan Tengah,0.22216253767069072,0.2433695255317148,0.26621515269014967,0.26825278410744485,3
2021,Kalimantan Timur,0.07006372495846198,0.3542573070230614,0.29030812368392367,0.2853708443345529,1
2021,Kalimantan Utara,0.1668786556699752,0.2861065536949913,0.2740474771308671,0.27296731350416636,1
2021,Kepulauan Bangka Belitung,0.27717308965656545,0.23171519176456107,0.24496410645460268,0.24614761212427083,0
2021,Kepulauan Riau,0.2891455286193941,0.23013135162648232,0.2399277242299801,0.2407953955241435,0
2021,Lampung,0.16708951464083907,0.2540151834350696,0.28794492806286826,0.2909503738612231,3
2021,Maluku,0.4993577785667004,0.15769831716912674,0.1708364985059057,0.17210740575826708,0
2021,Maluku Utara,0.24636136494952451,0.24596527740837185,0.25351433732227463,0.254159020319829,3
2021,Nusa Tenggara Barat,0.2810451798921451,0.23010121237817868,0.24382133896540642,0.24503226876426984,0
2021,Nusa Tenggara Timur,0.30034700591556995,0.21939332867989866,0.23922299451246706,0.24103667089206438,0
2021,Papua,0.3107624117303128,0.20687138281972095,0.23957834464838992,0.2427878608015764,0
2021,Papua Barat,0.3450256954163951,0.2125204427237446,0.22084055004528644,0.22161331181457386,0
2021,Riau,0.11816275548217253,0.3121801082315311,0.2859634976125495,0.2836936386737469,1
2021,Sulawesi Barat,0.1691253917901801,0.2790216097173288,0.2761210337950257,0.2757319646974653,1
2021,Sulawesi Selatan,0.08680076395259548,0.3065484902511114,0.3037329424998359,0.30291780329645723,1
2021,Sulawesi Tengah,0.341988861546525,0.21098411536513706,0.22296242437476785,0.22406459871357,0
2021,Sulawesi Tenggara,0.11530129392413381,0.30857032615203284,0.28898270931087855,0.2871456706129548,1
2021,Sulawesi Utara,0.1236731304054429,0.2861936964496239,0.29487070561852013,0.2952624675264131,3
2021,Sumatera Barat,0.08919584082411228,0.33223836029788834,0.29099206589374665,0.2875737329842528,1
2021,Sumatera Selatan,0.06731885966264665,0.3528665941189512,0.29232222960623616,0.28749231661216607,1
2021,Sumatera Utara,0.4550307560181409,0.17019781610852078,0.1865992477933434,0.18817218007999487,0
2022,Aceh,0.5683761245125903,0.1295279097657186,0.15001088969400994,0.1520850760276811,0
2022,Bali,0.24307935728953353,0.24861129005784813,0.2539311159380646,0.25437823671455373,3
2022,Banten,0.2003182120651996,0.26704210814262686,0.2663910837226183,0.26624859606955525,1
2022,Bengkulu,0.15332486768954837,0.29264201381161065,0.27768585899892684,0.2763472594999141,1
2022,DKI Jakarta,0.21500401194297664,0.2574229094374281,0.26354737870293116,0.264025699916664,3
2022,Daerah Istimewa Yogyakarta,0.13322916375723998,0.3027081666139355,0.28291364346408865,0.2811490261647358,1
2022,Gorontalo,0.30012322082572496,0.2221015586135093,0.2381519581006079,0.23962326246015783,0
2022,Jambi,0.2267037241064165,0.24752583640330514,0.2622501283917999,0.26352031109847845,3
2022,Jawa Barat,0.1668996571012308,0.2801154428144321,0.27671899159560137,0.2762659084887357,1
2022,Jawa Tengah,0.09026135541869197,0.31102073014105835,0.3001036241065297,0.29861429033372006,1
2022,Jawa Timur,0.0814732912976855,0.33861387870805393,0.2918963583987774,0.28801647159548305,1
2022,Kalimantan Barat,0.14219033165179087,0.2876331796383493,0.28529470448543304,0.2848817842244268,1
2022,Kalimantan Selatan,0.08434084955295416,0.3386503324537516,0.2904535708509882,0.286555247142306,1
2022,Kalimantan Tengah,0.21263963680155648,0.24761295161413216,0.2689360762564828,0.2708113353278286,3
2022,Kalimantan Timur,0.08753192850807243,0.33912570683928905,0.2886664301403046,0.2846759345123339,1
2022,Kalimantan Utara,0.16686303462021948,0.28611405272938806,0.27405168611916003,0.27297122653123246,1
2022,Kepulauan Bangka Belitung,0.1622629960971828,0.2745649699386527,0.28136916074536616,0.28180287321879827,3
2022,Kepulauan Riau,0.22642203061863314,0.25564608987963355,0.258847329371112,0.2590845501306213,3
2022,Lampung,0.09357537131105603,0.3303654070310508,0.2897092020052766,0.28635001965261664,1
2022,Maluku,0.12600309514806268,0.30072600318335757,0.28728874994963677,0.28598215171894303,1
2022,Maluku Utara,0.326159234664399,0.21927307317800943,0.22693182896218186,0.22763586319540974,0
2022,Nusa Tenggara Barat,0.3094427996582068,0.21812705617163797,0.23543000817413395,0.2370001359960213,0
2022,Nusa Tenggara Timur,0.42185583616081485,0.17854791451599378,0.1988169026031614,0.20077934672003003,0
2022,Papua,0.3385560861340045,0.21507687477214826,0.2228235058850023,0.22354353320884496,0
2022,Papua Barat,0.340671445058686,0.2143983782780843,0.2221059810873047,0.2228241955759251,0
2022,Papua Barat Daya,0.5122743761566354,0.1530158980156076,0.1666931470278715,0.1680165787998855,0
2022,Papua Pegunungan,0.3269591137460515,0.21978136915433039,0.22632491507675845,0.22693460202285956,0
2022,Papua Selatan,0.2551414703059261,0.23884470190159615,0.2524066114447041,0.25360721634777356,0
2022,Papua Tengah,0.26875437200784064,0.2400840486547186,0.2453474691632938,0.24581411017414695,0
2022,Riau,0.2272568760604969,0.24422441930217986,0.26341999083234996,0.2650987138049733,3
2022,Sulawesi Barat,0.1691253917901801,0.2790216097173288,0.2761210337950257,0.2757319646974653,1
2022,Sulawesi Selatan,0.07285805328759451,0.33044049503094414,0.2998356518815712,0.29686579979989014,1
2022,Sulawesi Tengah,0.4318437125751092,0.17711528843376295,0.19467909236776668,0.1963619066233611,0
2022,Sulawesi Tenggara,0.09610548035110841,0.3191581817132939,0.29355768772037905,0.2911786502152187,1
2022,Sulawesi Utara,0.12816554648028278,0.2840570135456313,0.2936259353061153,0.29415150466797063,3
2022,Sumatera Barat,0.07393251339572546,0.3469982345450438,0.29173586995222,0.28733338210701076,1
2022,Sumatera Selatan,0.07659204060305098,0.34722887072998887,0.2903267250275795,0.2858523636393806,1
2022,Sumatera Utara,0.16749927628823066,0.26212302268621385,0.28427960931556,0.28609809170999545,3
2023,Aceh,0.6317821606275476,0.11089769895481022,0.12780416905969613,0.1295159713579461,0
2023,Bali,0.22888827915212173,0.25406787551923604,0.258350397097204,0.25869344823143825,3
2023,Banten,0.19497487415512132,0.27158315833143765,0.26695450474221455,0.2664874627712265,1
2023,Bengkulu,0.11778393856231782,0.31568830838987777,0.2845668589264934,0.2819608941213109,1
2023,DKI Jakarta,0.2116490966985601,0.2650865365007356,0.261794667247921,0.2614696995527833,1
2023,Daerah Istimewa Yogyakarta,0.16212016550852495,0.2870873059476481,0.275919597642079,0.274872930901748,1
2023,Gorontalo,0.29956360549057315,0.2255513664796742,0.23692884349879786,0.2379561845309548,0
2023,Jambi,0.1512366967375603,0.2883706697111646,0.28060643697414717,0.2797861965771279,1
2023,Jawa Barat,0.17351541826004094,0.278069491451068,0.274432938357005,0.27398215193188613,1
2023,Jawa Tengah,0.08707325085787367,0.309678738186375,0.30225713889956823,0.300990872056183,1
2023,Jawa Timur,0.08028296066175636,0.342503446050694,0.29069525638596116,0.2865183369015885,1
2023,Kalimantan Barat,0.14367324689460115,0.2910916651241746,0.2830417004414194,0.2821933875398049,1
2023,Kalimantan Selatan,0.09502157658866507,0.3332062461616029,0.287706314429424,0.284065862820308,1
2023,Kalimantan Tengah,0.11112499512540401,0.26916023153954444,0.3082076767339143,0.31150709660113723,3
2023,Kalimantan Timur,0.09343639601376158,0.3344106151943924,0.28793249425374046,0.2842204945381055,1
2023,Kalimantan Utara,0.16687379205112315,0.28509662404922254,0.27450345163742995,0.27352613226222433,1
2023,Kepulauan Bangka Belitung,0.11920829009513564,0.2660394466237029,0.3056915647504308,0.30906069853073076,3
2023,Kepulauan Riau,0.10086785477295172,0.3035213159381664,0.29826027351547113,0.29735055577341074,1
2023,Lampung,0.0701710146847762,0.3391733855779317,0.29718492548849185,0.29347067424880025,1
2023,Maluku,0.2705687467238893,0.23493814928593879,0.24672647235699616,0.24776663163317578,0
2023,Maluku Utara,0.15110533130858209,0.2818007498714537,0.2835629454599611,0.2835309733600031,2
2023,Nusa Tenggara Barat,0.22116294108144752,0.25529224992897054,0.2615406247436901,0.2620041842458918,3
2023,Nusa Tenggara Timur,0.7577538748696524,0.07295261670061277,0.08408102800379455,0.08521248042594019,0
2023,Papua,0.4382090785847507,0.17864691111135364,0.19098456207271994,0.19215944823117578,0
2023,Papua Barat,0.39617221514539996,0.19418580359722648,0.20434190050413625,0.20530008075323722,0
2023,Papua Barat Daya,0.42459352462786226,0.1836338306658738,0.19533001937578134,0.19644262533048265,0
2023,Papua Pegunungan,0.3269591137460515,0.21978136915433039,0.22632491507675845,0.22693460202285956,0
2023,Papua Selatan,0.3657553137709765,0.20459597385443704,0.21436651150458214,0.21528220087000438,0
2023,Papua Tengah,0.26875437200784064,0.2400840486547186,0.2453474691632938,0.24581411017414695,0
2023,Riau,0.36176367390130715,0.1990671884559284,0.21865360734598774,0.22051553029677676,0
2023,Sulawesi Barat,0.16912539179018007,0.2790216097173289,0.2761210337950258,0.27573196469746536,1
2023,Sulawesi Selatan,0.0559212678080457,0.3249556611938624,0.3106568236064968,0.30846624739159506,1
2023,Sulawesi Tengah,0.323146652015219,0.2171743163293742,0.22928845728603597,0.23039057436937077,0
2023,Sulawesi Tenggara,0.08783439558700867,0.3191119604542192,0.297601405743292,0.29545223821548,1
2023,Sulawesi Utara,0.17456476952796154,0.2654095674116358,0.2794661881399276,0.2805594749204751,3
2023,Sumatera Barat,0.06897323790442351,0.3516637294420845,0.2920444068493649,0.28731862580412704,1
2023,Sumatera Selatan,0.10207910592847719,0.3218482044193721,0.28942902677130133,0.2866436628808493,1
2023,Sumatera Utara,0.39317076605027806,0.1891645240084269,0.20793614412557102,0.20972856581572402,0
2024,Aceh,0.5994742168349778,0.12202849833630071,0.13843027954990325,0.14006700527881824,0
2024,Bali,0.2301203298747175,0.2532409182531127,0.2581231125809793,0.2585156392911905,3
2024,Banten,0.18735337516390582,0.2749955572136786,0.26911551270654194,0.2685355549158737,1
2024,Bengkulu,0.12657161845809567,0.3110593127490506,0.2823786189507999,0.27999044984205385,1
2024,DKI Jakarta,0.21198211225243765,0.26495020684957976,0.26169458961482545,0.2613730912831571,1
2024,Daerah Istimewa Yogyakarta,0.1600084791679791,0.28734851834206343,0.2768277227847749,0.2758152797051826,1
2024,Gorontalo,0.3523234733436027,0.20771635382544776,0.21943414917054396,0.22052602366040563,0
2024,Jambi,0.08331978304252784,0.32587037816001657,0.2967905584448095,0.29401928035264613,1
2024,Jawa Barat,0.1364408016188574,0.29408118170058245,0.2852337614359652,0.284244255244595,1
2024,Jawa Tengah,0.09012308030957165,0.31276986614614194,0.2993781354689394,0.29772891807534696,1
2024,Jawa Timur,0.0627808096862524,0.3547586172969621,0.2937019074545043,0.28875866556228125,1
2024,Kalimantan Barat,0.1509459145814487,0.28962538185529296,0.280180033423111,0.2792486701401472,1
2024,Kalimantan Selatan,0.10209605545948001,0.3233293144749992,0.2887477367214378,0.28582689334408307,1
2024,Kalimantan Tengah,0.2166040240499853,0.24383773705568168,0.2686739818146788,0.2708842570796542,3
2024,Kalimantan Timur,0.072225734450512,0.35031509628414836,0.2910622847009387,0.286396884564401,1
2024,Kalimantan Utara,0.16560834761467383,0.2856565553908581,0.27486574548518355,0.27386935150928454,1
2024,Kepulauan Bangka Belitung,0.24430756747510565,0.24654762327856972,0.25424362545737506,0.25490118378894955,3
2024,Kepulauan Riau,0.09972358094496839,0.31830974136959816,0.2921887133966892,0.28977796428874425,1
2024,Lampung,0.13535109123790529,0.28890807349757264,0.2880253201024448,0.2877155151620773,1
2024,Maluku,0.38064910421545645,0.19958890973960644,0.20941727808475047,0.2103447079601866,0
2024,Maluku Utara,0.15110533130858209,0.2818007498714537,0.283562945459961,0.2835309733600032,2
2024,Nusa Tenggara Barat,0.40387636095036145,0.18282591579262375,0.2055511134485598,0.20774660980845494,0
2024,Nusa Tenggara Timur,0.6275370813720296,0.11465008774092962,0.12823278984371797,0.12958004104332282,0
2024,Papua,0.3639288250910033,0.20154335175652857,0.216562545897625,0.21796527725484313,0
2024,Papua Barat,0.3223352062079221,0.22065111517845032,0.22816204480145807,0.22885163381216952,0
2024,Papua Barat Daya,0.5122743761566354,0.1530158980156076,0.1666931470278715,0.1680165787998855,0
2024,Papua Pegunungan,0.3269591137460515,0.21978136915433039,0.22632491507675845,0.22693460202285956,0
2024,Papua Selatan,0.32362496127667834,0.2190548099863531,0.22823705955452697,0.22908316918244157,0
2024,Papua Tengah,0.26875437200784064,0.2400840486547186,0.2453474691632938,0.24581411017414695,0
2024,Riau,0.18986542060891973,0.26941147881668837,0.27036393246106527,0.27035916811332655,2
2024,Sulawesi Barat,0.11048492047007885,0.2896700278341407,0.2997161452395928,0.30012890645618767,3
2024,Sulawesi Selatan,0.052004330519312275,0.3271708555109834,0.3116069436307615,0.3092178703389428,1
2024,Sulawesi Tengah,0.43002241483017256,0.1801183681935346,0.19425710540492963,0.19560211157136317,0
2024,Sulawesi Tenggara,0.132396826221989,0.2979609442014782,0.28544081431476137,0.2842014152617715,1
2024,Sulawesi Utara,0.24686779093320654,0.2384377529352938,0.2565415755991716,0.25815288053232804,3
2024,Sumatera Barat,0.0890292571118976,0.3201686426589709,0.29654944907226094,0.29425265115687055,1
2024,Sumatera Selatan,0.1680472012675799,0.2562102273167202,0.2865358054483348,0.28920676596736516,3
2024,Sumatera Utara,0.1446250237805432,0.28413130053302715,0.28565711070430067,0.2855865649821289,2
2025,Aceh,0.4120557160880819,0.17906663471687703,0.20324859448614221,0.2056290547088989,0
2025,Bali,0.24133745098856402,0.24890856069826547,0.25463711992194676,0.2551168683912237,3
2025,Banten,0.27868300008495067,0.23719438307297322,0.24185613955178545,0.2422664772902907,0
2025,Bengkulu,0.246325842209577,0.24808991086519686,0.25260613912053365,0.2529781078046925,3
2025,DKI Jakarta,0.21426003159754603,0.26402050786766584,0.2610087868734491,0.26071067366133904,1
2025,Daerah Istimewa Yogyakarta,0.15360759591173184,0.29001605759797094,0.27872816185723115,0.2776481846330661,1
2025,Gorontalo,0.24358069767513124,0.2431430082115624,0.2560718138261586,0.25720448028714765,3
2025,Jambi,0.15169440121331362,0.2676010259544172,0.28947957999667184,0.2912249928355973,3
2025,Jawa Barat,0.1362396357471405,0.29330040158509024,0.2856754133414457,0.2847845493263235,1
2025,Jawa Tengah,0.1395249917151264,0.30078652828780494,0.2807285140834432,0.27895996591362554,1
2025,Jawa Timur,0.07228313074666391,0.3526979011598731,0.2899318261961717,0.2850871418972913,1
2025,Kalimantan Barat,0.16043235908905387,0.2803137269552603,0.2797345294228229,0.2795193845328629,1
2025,Kalimantan Selatan,0.0698044819498162,0.3499874022153709,0.29240820753105023,0.2877999083037626,1
2025,Kalimantan Tengah,0.07527296317955945,0.3049177519934361,0.31009916221469114,0.3097101226123133,2
2025,Kalimantan Timur,0.06699546768239795,0.35669702776035317,0.2906943581796341,0.2856131463776148,1
2025,Kalimantan Utara,0.14335224762561002,0.29816803500355626,0.2800374495829012,0.2784422677879325,1
2025,Kepulauan Bangka Belitung,0.1304533875180169,0.30419229848621177,0.28358637675322335,0.28176793724254795,1
2025,Kepulauan Riau,0.13776053183206816,0.29014592998379124,0.2863100542706182,0.2857834839135223,1
2025,Lampung,0.21857620412734963,0.2615084091756029,0.2600399360728046,0.25987545062424283,1
2025,Maluku,0.5827785451184494,0.12948406636457951,0.14319872312295936,0.14453866539401167,0
2025,Maluku Utara,0.15110533130858209,0.2818007498714537,0.283562945459961,0.2835309733600032,2
2025,Nusa Tenggara Barat,0.2803543235954512,0.22941250884528308,0.2444503500691925,0.2457828174900732,0
2025,Nusa Tenggara Timur,0.6522315465153303,0.10323873145446723,0.12133524274474619,0.12319447928545627,0
2025,Papua,0.48965769174710233,0.15903643424717956,0.17488566981611192,0.17642020418960622,0
2025,Papua Barat,0.32071497112036457,0.22128631813770208,0.22866072136043006,0.2293379893815033,0
2025,Papua Barat Daya,0.17282795195775924,0.28063454426352147,0.2736185544497198,0.2729189493289995,1
2025,Papua Pegunungan,0.3269591137460515,0.21978136915433039,0.22632491507675845,0.22693460202285956,0
2025,Papua Selatan,0.3454359513914621,0.20906235602050907,0.22214239978966308,0.22335929279836575,0
2025,Papua Tengah,0.26875437200784064,0.2400840486547186,0.2453474691632938,0.24581411017414695,0
2025,Riau,0.14525689017225188,0.2909137513270873,0.2823631249664602,0.28146623353420047,1
2025,Sulawesi Barat,0.16912539179018007,0.2790216097173289,0.2761210337950258,0.27573196469746536,1
2025,Sulawesi Selatan,0.05400774399540025,0.2900041733315955,0.3269296955172677,0.32905838715573654,3
2025,Sulawesi Tengah,0.3170562593292518,0.22154850550068683,0.23029558178813103,0.2310996533819304,0
2025,Sulawesi Tenggara,0.14214451646930992,0.2926830955089817,0.283077158690127,0.28209522933158143,1
2025,Sulawesi Utara,0.1429996450759496,0.2844042059907572,0.28632489949506196,0.28627124943823123,2
2025,Sumatera Barat,0.09888023834390426,0.3210735586120198,0.2913336000272163,0.2887126030168597,1
2025,Sumatera Selatan,0.16676782525449405,0.28444907300295535,0.27483579547902953,0.273947306263521,1
2025,Sumatera Utara,0.11357576385877964,0.3007882722034591,0.29329008565401926,0.292345878283742,1
