Tahun,Provinsi,u_cluster_0,u_cluster_1,u_cluster_2,u_cluster_3,label
2019,Aceh,0.19356827397185528,0.43200330795217895,0.19456546962302806,0.17986294845293768,1
2019,Bali,0.253242175142647,0.24882716863311624,0.2538343610722299,0.24409629515200684,2
2019,Banten,0.254592247148078,0.2374229633045142,0.2546478793797259,0.253336910167682,2
2019,Bengkulu,0.26202716686624544,0.21939484784583588,0.26236877963656374,0.25620920565135497,2
2019,DKI Jakarta,0.2565593949214879,0.22974636133602483,0.2564973971917355,0.2571968465507518,3
2019,Daerah Istimewa Yogyakarta,0.2778480736693745,0.14774972449692358,0.27650063594581603,0.29790156588788597,3
2019,Gorontalo,0.2883852588740911,0.13835957174055455,0.2884161652385996,0.2848390041467548,2
2019,Jambi,0.23284171972646708,0.31842748692792716,0.23411299557791163,0.21461779776769405,1
2019,Jawa Barat,0.2677001351705154,0.1938397389460726,0.26740432938775044,0.2710557964956616,3
2019,Jawa Tengah,0.2862628037010687,0.09453828239900235,0.2832236078224838,0.3359753060774451,3
2019,Jawa Timur,0.2855422780332284,0.09289587746618111,0.28233617804222944,0.33922566645836105,3
2019,Kalimantan Barat,0.29082710336509926,0.13354763011540632,0.29095624643493173,0.28466902008456263,2
2019,Kalimantan Selatan,0.2852715351360324,0.09853506497439606,0.28233824806358804,0.3338551518259835,3
2019,Kalimantan Tengah,0.29266267373981614,0.07660576825668387,0.2895075382070092,0.3412240197964908,3
2019,Kalimantan Timur,0.2892812947452707,0.09003240202890464,0.2864081317188036,0.33427817150702105,3
2019,Kalimantan Utara,0.27996277606716696,0.14263358830170056,0.2786848605717971,0.29871877505933536,3
2019,Kepulauan Bangka Belitung,0.21564615929900785,0.36462347702501585,0.21653315996933362,0.2031972037066427,1
2019,Kepulauan Riau,0.2946709204161926,0.14475165305364568,0.2965741425463742,0.26400328398378753,2
2019,Lampung,0.26690020002023285,0.1990207427736765,0.2668069330082882,0.2672721241978024,3
2019,Maluku,0.28114446673041305,0.18712897773582657,0.28338329940462476,0.24834325612913558,2
2019,Maluku Utara,0.2659042697524983,0.20770145784242863,0.26621731204740956,0.26017696035766347,2
2019,Nusa Tenggara Barat,0.269242104727632,0.18967604631143778,0.26897904712363174,0.2721028018372985,3
2019,Nusa Tenggara Timur,0.11583851232741252,0.668869468217678,0.11723407258625618,0.0980579468686534,1
2019,Papua,0.23646328568977693,0.298454265534285,0.23704092397991156,0.2280415247960264,1
2019,Papua Barat,0.24447901727112464,0.270879924940051,0.2447912264916437,0.23984983129718074,1
2019,Riau,0.2442577102533237,0.27835216863028533,0.24505037003455338,0.2323397510818376,1
2019,Sulawesi Barat,0.27456051864646597,0.16268601541563418,0.2735563760558189,0.2891970898820809,3
2019,Sulawesi Selatan,0.30617071871373297,0.06426922393820307,0.3042282145444446,0.3253318428036194,3
2019,Sulawesi Tengah,0.22295877457710206,0.34944912463162575,0.2243748422822464,0.20321725850902586,1
2019,Sulawesi Tenggara,0.27484715003821414,0.18140068911000265,0.27515830208867503,0.26859385876310826,2
2019,Sulawesi Utara,0.2803993494625867,0.1532003651278993,0.27985674131909855,0.28654354409041544,3
2019,Sumatera Barat,0.290807759155068,0.0838490263041604,0.2878242449706557,0.33751896957011596,3
2019,Sumatera Selatan,0.27422345085885236,0.16790353582061973,0.27347924766329407,0.2843937656572337,3
2019,Sumatera Utara,0.2679260431186108,0.2113476958116606,0.26894954703806,0.2517767140316685,2
2020,Aceh,0.21285210361953097,0.37117708379568926,0.21360601891055672,0.20236479367422308,1
2020,Bali,0.2440892249428081,0.27473592813851744,0.2445957341099889,0.23657911280868552,1
2020,Banten,0.2578217378685447,0.22623817957663514,0.25776523225072495,0.2581748503040952,3
2020,Bengkulu,0.2897080444605025,0.09144393668202724,0.2870004929737788,0.33184752588369143,3
2020,DKI Jakarta,0.2578683444634513,0.2249218529080981,0.2577366094378703,0.2594731931905802,3
2020,Daerah Istimewa Yogyakarta,0.28005862069635296,0.133681230724912,0.2782603831915555,0.3079997653871795,3
2020,Gorontalo,0.2877705789434724,0.0901697276881791,0.28474504034036324,0.33731465302798525,3
2020,Jambi,0.19981746791556657,0.4197514473495948,0.20133784731624177,0.17909323741859687,1
2020,Jawa Barat,0.28509597360513544,0.1297214382087272,0.2838724289233881,0.3013101592627493,3
2020,Jawa Tengah,0.2977552337297602,0.07993508121084014,0.2954877612719394,0.3268219237874603,3
2020,Jawa Timur,0.2849759427344378,0.09916674398886853,0.28202695952060275,0.3338303537560908,3
2020,Kalimantan Barat,0.2908211124139437,0.09039809883384661,0.28819930036956537,0.3305814883826443,3
2020,Kalimantan Selatan,0.2850422262575552,0.10078278033522634,0.2821980329068488,0.3319769605003696,3
2020,Kalimantan Tengah,0.298175415389479,0.0749543668099288,0.2957306179638901,0.33113959983670205,3
2020,Kalimantan Timur,0.2863538981544008,0.09226555656280121,0.2832221820101264,0.3381583632726716,3
2020,Kalimantan Utara,0.2810280783353477,0.1417532719268992,0.2798680725345375,0.29735057720321556,3
2020,Kepulauan Bangka Belitung,0.27631861954060294,0.17972302968148018,0.2768054328826,0.26715291789531687,2
2020,Kepulauan Riau,0.28381136311924643,0.15292364805635852,0.2839099883902436,0.2793550004341515,2
2020,Lampung,0.2779454885405627,0.1945758042152327,0.28001521300765964,0.2474634942365449,2
2020,Maluku,0.18830746843678853,0.44815173178842344,0.1893363817100144,0.1742044180647736,1
2020,Maluku Utara,0.28117034900222265,0.15122612399786514,0.28065542536864424,0.286948101631268,3
2020,Nusa Tenggara Barat,0.22369348383927695,0.34118658287669457,0.22461777723412518,0.21050215604990338,1
2020,Nusa Tenggara Timur,0.1891653013866174,0.46440485640483453,0.19191019370741605,0.15451964850113192,1
2020,Papua,0.1949965318652399,0.4293822877369602,0.19612521593093538,0.17949596446686458,1
2020,Papua Barat,0.24503031055935326,0.26987612417550777,0.24538593605960174,0.2397076292055372,1
2020,Riau,0.21703293048099961,0.35846071701945825,0.21776539110638465,0.20674096139315745,1
2020,Sulawesi Barat,0.25478932060699705,0.24053663233278175,0.2551029901184748,0.24957105694174642,2
2020,Sulawesi Selatan,0.3072447646693338,0.07053517513772432,0.30597138808579943,0.31624867210714247,3
2020,Sulawesi Tengah,0.28118220614392975,0.1397949361296992,0.279927332441164,0.299095525285207,3
2020,Sulawesi Tenggara,0.29525336490556464,0.08483064319813646,0.29298056888504637,0.3269354230112526,3
2020,Sulawesi Utara,0.2561262959331294,0.23056251964056987,0.2560320741339137,0.25727911029238704,3
2020,Sumatera Barat,0.29116184586792027,0.07302216047980518,0.2876374747304654,0.34817851892180907,3
2020,Sumatera Selatan,0.28925974784503294,0.08890005490259854,0.2863227449989633,0.33551745225340524,3
2020,Sumatera Utara,0.29277975156588726,0.09774932912004684,0.29091235291283657,0.31855856640122926,3
2021,Aceh,0.16117725754574824,0.5306712584471298,0.16232086074040436,0.1458306232667176,1
2021,Bali,0.24775691148144888,0.26494529590636,0.24834110460157643,0.23895668801061468,1
2021,Banten,0.2645153411232023,0.20542824274537722,0.2643722807509911,0.2656841353804294,3
2021,Bengkulu,0.26880202619006516,0.1920842233364658,0.26862971102645267,0.2704840394470163,3
2021,DKI Jakarta,0.2616410889750852,0.21168713799360836,0.2613630328470366,0.26530874018426986,3
2021,Daerah Istimewa Yogyakarta,0.27023855154658405,0.18078609835502704,0.26958548286077283,0.2793898672376161,3
2021,Gorontalo,0.23568521401147968,0.2980930482960063,0.23607315092876152,0.23014858676375255,1
2021,Jambi,0.2659047916674481,0.2024675546081311,0.26584293120311825,0.2657847225213024,0
2021,Jawa Barat,0.28109643691720687,0.1464905944695867,0.2802119384181423,0.2922010301950641,3
2021,Jawa Tengah,0.2987145129786951,0.0895879414109633,0.29722896486058886,0.31446858074975276,3
2021,Jawa Timur,0.2879891317202023,0.09149518870122574,0.2850245717696062,0.33549110780896574,3
2021,Kalimantan Barat,0.28635297463071113,0.11164608309376095,0.2842829862520974,0.3177179560234305,3
2021,Kalimantan Selatan,0.2859963024363158,0.09104085889404706,0.28276404080253387,0.34019879786710333,3
2021,Kalimantan Tengah,0.26719203827698673,0.22220226107814173,0.2689226984827823,0.24168300216208924,2
2021,Kalimantan Timur,0.28747647869303156,0.07001648031358576,0.28332403659862426,0.3591830043947585,3
2021,Kalimantan Utara,0.27350961529649814,0.16691463261596676,0.27259094409609014,0.28698480799144493,3
2021,Kepulauan Bangka Belitung,0.24553418226510232,0.27719216318292517,0.24654011752562077,0.2307335370263518,1
2021,Kepulauan Riau,0.2403575001853224,0.2891385569193526,0.24109474590237595,0.2294091969929491,1
2021,Lampung,0.2893911177113914,0.16714373134042643,0.291940337413646,0.2515248135345361,2
2021,Maluku,0.17147918057960002,0.49913422885896,0.17256627147117123,0.15682031909026878,1
2021,Maluku Utara,0.25383518251712955,0.24639066587893552,0.2543813377289172,0.24539281387501768,2
2021,Nusa Tenggara Barat,0.24441239623426,0.28106548137290577,0.24544076457708514,0.22908135781574898,1
2021,Nusa Tenggara Timur,0.2400862519330764,0.3003340492332718,0.24163024396376373,0.21794945486988815,1
2021,Papua,0.2409999109588319,0.31069743824284046,0.24374472077512133,0.2045579300232063,1
2021,Papua Barat,0.22122311379194667,0.34496205144200476,0.2218821390660125,0.21193269570003606,1
2021,Riau,0.2848037391089909,0.11820170160048406,0.2828783457313337,0.3141162135591913,3
2021,Sulawesi Barat,0.2759801115760286,0.1691968197274981,0.2756414533832036,0.2791816153132697,3
2021,Sulawesi Selatan,0.30360825109776723,0.0869270968850942,0.3028810220793901,0.3065836299377484,3
2021,Sulawesi Tengah,0.2234996399354419,0.34193771776494697,0.22443876876184218,0.210123873537769,1
2021,Sulawesi Tenggara,0.28811636779393407,0.11536430963872743,0.2865496704335673,0.3099696521337712,3
2021,Sulawesi Utara,0.29523029993231886,0.12379805995212781,0.29553906795133045,0.28543257216422296,2
2021,Sumatera Barat,0.28917177561821544,0.08920756402146875,0.2862814095380809,0.33533925082223487,3
2021,Sumatera Selatan,0.28965438372204205,0.06730171057975844,0.2855835006834011,0.3574604050147984,3
2021,Sumatera Utara,0.18735928084701942,0.4548761114256572,0.188703514611154,0.16906109311616932,1
2022,Aceh,0.1509588179443589,0.5681658529736249,0.15273789198595783,0.12813743709605843,1
2022,Bali,0.2541571603375641,0.24310139165258782,0.2545354568186234,0.24820599119122472,2
2022,Banten,0.2663524912185318,0.20036618013415256,0.2662261911300369,0.2670551375172788,3
2022,Bengkulu,0.2770197409233125,0.15336726670621406,0.2758813652914681,0.2937316270790053,3
2022,DKI Jakarta,0.26380204818806896,0.21505215521378487,0.264204244624459,0.25694155197368707,2
2022,Daerah Istimewa Yogyakarta,0.2820363994273383,0.13327291405697253,0.28053641594502393,0.3041542705706652,3
2022,Gorontalo,0.23885231643974184,0.3001094895653921,0.24010523364959857,0.22093296034526755,1
2022,Jambi,0.26287727196123184,0.22674897827168905,0.2639536897158954,0.24642006005118372,2
2022,Jawa Barat,0.2765576859521372,0.1669731360930371,0.27616357568003025,0.28030560227479534,3
2022,Jawa Tengah,0.29963229176966605,0.09037373120618347,0.2983362870253713,0.31165768999877924,3
2022,Jawa Timur,0.28984035866113367,0.08147641812142394,0.286559599139474,0.3421236240779684,3
2022,Kalimantan Barat,0.28517532468670925,0.14228856768986356,0.2848120672355494,0.2877240403878777,3
2022,Kalimantan Selatan,0.28832587280933186,0.08433553017229953,0.2850357860398683,0.3423028109785004,3
2022,Kalimantan Tengah,0.2698444659999197,0.21269183290932672,0.27143549383851945,0.2460282072522341,2
2022,Kalimantan Timur,0.2864339527257563,0.08750322022356707,0.28307098344543485,0.34299184360524176,3
2022,Kalimantan Utara,0.27351367986899966,0.166899015999514,0.2725947570087075,0.28699254712277883,3
2022,Kepulauan Bangka Belitung,0.2816438712706598,0.16235807206464428,0.2820012977638255,0.2739967589008704,2
2022,Kepulauan Riau,0.2589781726748437,0.22645827615883138,0.2591768649920632,0.2553866861742617,2
2022,Lampung,0.28791461391390366,0.09358088035520966,0.28507467553863713,0.33342983019224964,3
2022,Maluku,0.28668779552603363,0.12607442516482584,0.2855706073266596,0.301667171982481,3
2022,Maluku Utara,0.22728089190413636,0.326111077062504,0.22788084922842605,0.21872718180493358,1
2022,Nusa Tenggara Barat,0.23618262643037283,0.3094370516133483,0.23751864331164244,0.21686167864463643,1
2022,Nusa Tenggara Timur,0.19973004524095248,0.42173511474831377,0.20140788041940644,0.17712695959132735,1
2022,Papua,0.22318152419691864,0.33849114009085696,0.22379559242826302,0.21453174328396135,1
2022,Papua Barat,0.2224624685463628,0.3406057509875863,0.22307510928634772,0.2138566711797032,1
2022,Papua Barat Daya,0.167360824804586,0.5120456414084634,0.16849287670668697,0.15210065708026357,1
2022,Papua Pegunungan,0.22662731974356795,0.32690428239251346,0.22714739909059534,0.21932099877332328,1
2022,Papua Selatan,0.25299025915894685,0.2551616394256473,0.25400992448552895,0.23783817692987685,1
2022,Papua Tengah,0.24557761324170663,0.2687526484575106,0.2459741029473349,0.23969563535344784,1
2022,Riau,0.2642364288725924,0.22731314925689533,0.26566044334317923,0.24278997852733297,2
2022,Sulawesi Barat,0.2759801115760286,0.1691968197274981,0.2756414533832036,0.2791816153132697,3
2022,Sulawesi Selatan,0.29850515316638127,0.07293947896233323,0.2959685694369271,0.33258679843435845,3
2022,Sulawesi Tengah,0.19547956861797275,0.4317167819589,0.19691742489344705,0.17588622452968028,1
2022,Sulawesi Tenggara,0.29243169676943437,0.09616914332867926,0.2904041849736624,0.320994974928224,3
2022,Sulawesi Utara,0.2940211081941152,0.12828770718464183,0.29444674152778616,0.2832444430934568,2
2022,Sumatera Barat,0.28929481702513665,0.07391488491058824,0.2855835214882836,0.3512067765759915,3
2022,Sumatera Selatan,0.2878104789385967,0.07656158395960676,0.2840420362538628,0.35158590084793373,3
2022,Sumatera Utara,0.2852216569521547,0.1675769417681829,0.28675543778705503,0.2604459634926075,2
2023,Aceh,0.12861106416393922,0.631539246870381,0.13007966508724214,0.10977002387843753,1
2023,Bali,0.25852842396860665,0.22892081808837136,0.25881750770493434,0.2537332502380877,2
2023,Banten,0.2667431347738853,0.19501499343391196,0.2663428035426637,0.27189906824953913,3
2023,Bengkulu,0.28319195944440523,0.11779518116299241,0.28098631863202317,0.3180265407605792,3
2023,DKI Jakarta,0.26164352311326317,0.21167890689220545,0.2613653935601693,0.2653121764343621,3
2023,Daerah Istimewa Yogyakarta,0.2754205649669906,0.16216817133124917,0.2745277870045944,0.28788347669716585,3
2023,Gorontalo,0.23742722029546676,0.29955302522211585,0.23830127945970703,0.2247184750227104,1
2023,Jambi,0.2802543824506954,0.15130496019220127,0.27954928770701626,0.28889136965008716,3
2023,Jawa Barat,0.2742618365386295,0.17358133711568896,0.2738710726896427,0.2782857536560388,3
2023,Jawa Tengah,0.30193987854993015,0.08719600962494589,0.30082799500384094,0.310036116821283,3
2023,Jawa Timur,0.2884095547845178,0.08026535517104702,0.2848850270977607,0.34644006294667434,3
2023,Kalimantan Barat,0.28267475992098123,0.1437528589413029,0.2819459610798498,0.29162642005786604,3
2023,Kalimantan Selatan,0.28569451695930564,0.09500335886464151,0.28262387126276306,0.33667825291328984,3
2023,Kalimantan Tengah,0.30986819633108875,0.11119934753035968,0.3126534226546206,0.2662790334839311,2
2023,Kalimantan Timur,0.28587724367227935,0.09341308321494422,0.2827464538645468,0.33796321924822964,3
2023,Kalimantan Utara,0.2740280953377812,0.16692266137618308,0.2731953053378052,0.28585393794823044,3
2023,Kepulauan Bangka Belitung,0.3073790134179964,0.11928000104606101,0.3102247456573336,0.26311623987860894,2
2023,Kepulauan Riau,0.298024146383606,0.10099207232585261,0.2972249575657692,0.30375882372477214,3
2023,Lampung,0.2953500636813987,0.07021791856690505,0.2921968552419486,0.3422351625097477,3
2023,Maluku,0.24723499155398218,0.2705849143939733,0.24811833829098362,0.23406175576106092,1
2023,Maluku Utara,0.2836212729243627,0.15119771631878023,0.28358223573626473,0.28159877502059244,0
2023,Nusa Tenggara Barat,0.26180025921456307,0.2212191334446594,0.2621884853427196,0.25479212199805795,2
2023,Nusa Tenggara Timur,0.0846615223918912,0.7574522786238096,0.08563312576170028,0.07225307322259888,1
2023,Papua,0.191570203352559,0.4380547346313608,0.19257395673873612,0.17780110527734408,1
2023,Papua Barat,0.2048209401349598,0.39605597020076555,0.20563903107887374,0.19348405858540088,1
2023,Papua Barat Daya,0.1958858715778558,0.4244454526456698,0.19683635053435608,0.18283232524211832,1
2023,Papua Pegunungan,0.22662731974356795,0.32690428239251346,0.22714739909059534,0.21932099877332328,1
2023,Papua Selatan,0.21481973429087384,0.3656669334228296,0.21560112692727829,0.20391220535901833,1
2023,Papua Tengah,0.24557761324170663,0.2687526484575106,0.2459741029473349,0.23969563535344784,1
2023,Riau,0.21951925432024055,0.36170188415426735,0.22110892623327272,0.19766993529221946,1
2023,Sulawesi Barat,0.27598011157602864,0.16919681972749812,0.2756414533832036,0.27918161531326957,3
2023,Sulawesi Selatan,0.310068793997932,0.05604714758518988,0.308154104913672,0.32572995350320616,3
2023,Sulawesi Tengah,0.2298252454979345,0.3231158368172415,0.230763466811634,0.21629545087319005,1
2023,Sulawesi Tenggara,0.2966573441262703,0.08792722406128016,0.29481792485729263,0.3205975069551568,3
2023,Sulawesi Utara,0.28005329781905625,0.17466276601438793,0.2809717220333878,0.26431221413316797,2
2023,Sumatera Barat,0.2894121346732434,0.06894921225956395,0.2854301311270699,0.3562085219401227,3
2023,Sumatera Selatan,0.2879989593925676,0.10211533046658035,0.285637908306258,0.32424780183459406,3
2023,Sumatera Utara,0.20878027136090171,0.3930685385486962,0.2103112490188593,0.18783994107154275,1
2024,Aceh,0.13922082201398406,0.599220403869466,0.14062371187909858,0.12093506223745142,1
2024,Bali,0.2583274571806501,0.23015308862743866,0.25865835552103,0.25286109867088125,2
2024,Banten,0.2688487072488379,0.1873965186761817,0.26835231494627104,0.2754024591287093,3
2024,Bengkulu,0.2811103033474379,0.1265802087562774,0.2790896615319784,0.31321982636430623,3
2024,DKI Jakarta,0.2615450776778632,0.2120117140783676,0.26126991151964035,0.2651732967241287,3
2024,Daerah Istimewa Yogyakarta,0.27635712252850636,0.16006149584846266,0.27549207260272407,0.2880893090203068,3
2024,Gorontalo,0.21996425069690864,0.35225704314294115,0.22089542394281816,0.20688328221733202,1
2024,Jambi,0.2955216031327731,0.08339251135372798,0.2931570229193721,0.3279288625941268,3
2024,Jawa Barat,0.28483674880883536,0.13652197412734843,0.2839837714423065,0.2946575056215098,3
2024,Jawa Tengah,0.29879722625776245,0.09022990359549478,0.29736913290320166,0.3136037372435411,3
2024,Jawa Timur,0.2910171353024908,0.06276843693579032,0.28684635229261807,0.3593680754691009,3
2024,Kalimantan Barat,0.2797525481742127,0.15101594781420014,0.27895566896589047,0.2902758350456967,3
2024,Kalimantan Selatan,0.28722186801376437,0.10211993184437752,0.28474885994730303,0.32590934019455503,3
2024,Kalimantan Tengah,0.2697354436557997,0.21664720683761857,0.2716122206245898,0.24200512888199194,2
2024,Kalimantan Timur,0.28844313461151083,0.07219244127049707,0.2845134629092427,0.3548509612087494,3
2024,Kalimantan Utara,0.27438171268520034,0.1656578282160988,0.27353262905322934,0.2864278300454715,3
2024,Kepulauan Bangka Belitung,0.25456852784249334,0.2443440184879581,0.25512558063726704,0.24596187303228154,2
2024,Kepulauan Riau,0.29103943469866195,0.09979277083746481,0.2889864749533001,0.32018131951057316,3
2024,Lampung,0.2879700189312573,0.13544847555212955,0.2876923649771958,0.28888914053941733,3
2024,Maluku,0.2098775904535715,0.38054613988374664,0.21066940379923532,0.1989068658634466,1
2024,Maluku Utara,0.2836212729243626,0.15119771631878026,0.28358223573626473,0.2815987750205924,0
2024,Nusa Tenggara Barat,0.20655832106040103,0.40378768161732476,0.20843478522070882,0.1812192121015654,1
2024,Nusa Tenggara Timur,0.1289247613407518,0.6272209610201945,0.13007945127793183,0.11377482636112193,1
2024,Papua,0.21723204437367713,0.36387196238285313,0.2184285050304844,0.20046748821298524,1
2024,Papua Barat,0.22850263441701435,0.32229349382039096,0.22909023315348884,0.22011363860910585,1
2024,Papua Barat Daya,0.167360824804586,0.5120456414084634,0.16849287670668697,0.15210065708026357,1
2024,Papua Pegunungan,0.22662731974356795,0.32690428239251346,0.22714739909059534,0.21932099877332328,1
2024,Papua Selatan,0.22864980164730922,0.32358338069062986,0.22937089310490127,0.21839592455715973,1
2024,Papua Tengah,0.24557761324170663,0.2687526484575106,0.2459741029473349,0.23969563535344784,1
2024,Riau,0.2703904401190923,0.1899285654964537,0.270380756591948,0.2693002377925061,0
2024,Sulawesi Barat,0.30014007763412637,0.11060895977453535,0.300459999493191,0.2887909630981472,2
2024,Sulawesi Selatan,0.3109729983063342,0.05213327955199355,0.3088854809327408,0.3280082412089314,3
2024,Sulawesi Tengah,0.19491581526087687,0.4298813165597119,0.19606465610778076,0.17913821207163044,1
2024,Sulawesi Tenggara,0.28487970822477815,0.13247377583998454,0.2838188813373108,0.2988276345979265,3
2024,Sulawesi Utara,0.2573122678751471,0.24691470492235942,0.25868095173701683,0.23709207546547661,2
2024,Sumatera Barat,0.29551359845816955,0.08910978651868671,0.29355097950745435,0.3218256355156894,3
2024,Sumatera Selatan,0.287826691721102,0.16810863439132373,0.29009149508537024,0.2539731788022041,2
2024,Sumatera Utara,0.2857069639415458,0.14471365260361932,0.2856338664732554,0.2839455169815795,0
2025,Aceh,0.20432697112113457,0.4119346418483036,0.20636418624770977,0.17737420078285207,1
2025,Bali,0.25488005917832723,0.24136298780543525,0.2552858587388574,0.24847109427738007,2
2025,Banten,0.24206334164678908,0.2786728313791441,0.24241190354461564,0.23685192342945108,1
2025,Bengkulu,0.25279694354478716,0.24635048807190227,0.2531112929704403,0.24774127541287017,2
2025,DKI Jakarta,0.26087026846966227,0.21428818548663192,0.26061507947628587,0.26422646656741994,3
2025,Daerah Istimewa Yogyakarta,0.2782229858888308,0.15366418506948024,0.27730060597654715,0.29081222306514176,3
2025,Gorontalo,0.2566240231260702,0.24361406382522982,0.2575851966487663,0.24217671639993374,2
2025,Jambi,0.290407376362873,0.15178492298607757,0.29187575510009434,0.26593194555095506,2
2025,Jawa Barat,0.28533103399864074,0.1363244689309532,0.28456124894852003,0.29378324812188594,3
2025,Jawa Tengah,0.27984058980784887,0.13956093160297564,0.27833834896901605,0.30226012962015947,3
2025,Jawa Timur,0.2871514850110743,0.07223321857560809,0.2830766685610293,0.35753862785228835,3
2025,Kalimantan Barat,0.2796917075722276,0.16052102272009808,0.2794989581816695,0.28028831152600486,3
2025,Kalimantan Selatan,0.2898692313908345,0.06979114488595907,0.28598374005757565,0.3543558836656308,3
2025,Kalimantan Tengah,0.31033241791718835,0.0754122510484016,0.3099487825393758,0.30430654849503425,0
2025,Kalimantan Timur,0.28777066415671543,0.06694579759852709,0.28349807833015783,0.36178545991459965,3
2025,Kalimantan Utara,0.2792329795354175,0.14338794147643075,0.2778780424581048,0.2995010365300469,3
2025,Kepulauan Bangka Belitung,0.28267196173838427,0.1304970555750332,0.28112713098730424,0.30570385169927833,3
2025,Kepulauan Riau,0.286123146516833,0.13786271087722926,0.28566450307590785,0.29034963953002985,3
2025,Lampung,0.25996860217611867,0.21860518834219916,0.2598267312690712,0.2615994782126109,3
2025,Maluku,0.14388804125790974,0.5824895793373503,0.14503516080341664,0.1285872186013233,1
2025,Maluku Utara,0.2836212729243626,0.15119771631878026,0.28358223573626473,0.2815987750205924,0
2025,Nusa Tenggara Barat,0.24509727665462944,0.28037726283037945,0.2462291191955872,0.2282963413194039,1
2025,Nusa Tenggara Timur,0.12218087310917256,0.6520181772157303,0.12377728337688906,0.10202366629820812,1
2025,Papua,0.17563730228790436,0.48945605637396106,0.17694974947272502,0.15795689186540945,1
2025,Papua Barat,0.22899501549417786,0.32067426539568766,0.22957212435370375,0.22075859475643084,1
2025,Papua Barat Daya,0.273299150347992,0.17288601672357373,0.27270002915605795,0.28111480377237624,3
2025,Papua Pegunungan,0.22662731974356795,0.32690428239251346,0.22714739909059534,0.21932099877332328,1
2025,Papua Selatan,0.22272846487322268,0.3453787403980452,0.22376612699915172,0.20812666772958036,1
2025,Papua Tengah,0.24557761324170663,0.2687526484575106,0.2459741029473349,0.23969563535344784,1
2025,Riau,0.281975388087055,0.1453332460031288,0.2812049257850046,0.29148644012481156,3
2025,Sulawesi Barat,0.27598011157602864,0.16919681972749812,0.2756414533832036,0.27918161531326957,3
2025,Sulawesi Selatan,0.3285197030849574,0.05412416112143547,0.330241772364906,0.2871143634287011,2
2025,Sulawesi Tengah,0.23068772539072463,0.3170198411808647,0.23137284035460073,0.22091959307380996,1
2025,Sulawesi Tenggara,0.2826425129408071,0.14222214620774776,0.2818003213633117,0.2933350194881334,3
2025,Sulawesi Utara,0.2863874598102408,0.14310989288375353,0.2863279914890047,0.2841746558170011,0
2025,Sumatera Barat,0.29002252088663366,0.09892986618237563,0.2877970325680203,0.3232505803629704,3
2025,Sumatera Selatan,0.2744018771040521,0.166819574396824,0.2736447042800783,0.28513384421904553,3
2025,Sumatera Utara,0.2929497026414318,0.11368282846890308,0.29213077065790327,0.3012366982317619,3
