Tahun,Provinsi,u_cluster_0,u_cluster_1,u_cluster_2,u_cluster_3,label
2019,Aceh,0.19440047143165803,0.43213076632488817,0.18057052188062556,0.19289824036282824,1
2019,Bali,0.25373766086281285,0.2488077586490566,0.24461524514469676,0.2528393353434337,0
2019,Banten,0.25463060894878936,0.237407669400697,0.25341771140318403,0.25454401024732964,0
2019,Bengkulu,0.26230413124162444,0.21935986927959203,0.25655331322570585,0.26178268625307766,0
2019,DKI Jakarta,0.25650327956435764,0.2297313185592253,0.2571699767251748,0.2565954251512423,2
2019,Daerah Istimewa Yogyakarta,0.2767230417754162,0.14772092621167843,0.29679395086778243,0.27876208114512296,2
2019,Gorontalo,0.28834402862778896,0.13826891437898728,0.2851075145932569,0.2882795423999669,0
2019,Jambi,0.23392847871878672,0.31844959182182275,0.21561376312995842,0.2320081663294321,1
2019,Jawa Barat,0.2674304469173339,0.193801665899104,0.27089572902542447,0.2678721581581376,2
2019,Jawa Tengah,0.28384531618988096,0.09454923764235162,0.33313659725739964,0.28846884891036767,2
2019,Jawa Timur,0.28303051043336963,0.09292064612730332,0.33613481527924177,0.2879140281600853,2
2019,Kalimantan Barat,0.2908345704326954,0.1334512965520529,0.2850992887962832,0.2906148442189685,0
2019,Kalimantan Selatan,0.28295852928765336,0.09855011041468678,0.33106772655017275,0.28742363374748714,2
2019,Kalimantan Tengah,0.29005638805113876,0.07658100488431517,0.3385206136339229,0.29484199343062323,2
2019,Kalimantan Timur,0.28693529633989845,0.09001872759698107,0.331749684098592,0.2912962919645284,2
2019,Kalimantan Utara,0.2788897807988941,0.1425987422361142,0.29768933661422725,0.2808221403507644,2
2019,Kepulauan Bangka Belitung,0.2163945993663477,0.3646895206068999,0.20385917219840088,0.21505670782835157,1
2019,Kepulauan Riau,0.2962362934327549,0.14468756493669704,0.26573833215924786,0.2933378094713001,0
2019,Lampung,0.26680273468647325,0.19898189783055464,0.267277392450291,0.26693797503268113,2
2019,Maluku,0.2830715977118423,0.1870891719354454,0.2501567199146635,0.27968251043804876,0
2019,Maluku Utara,0.26615220814268564,0.20764838586400466,0.26052718374028666,0.2656722222530231,0
2019,Nusa Tenggara Barat,0.2690014192562473,0.18963324852737268,0.27197185033258836,0.26939348188379164,2
2019,Nusa Tenggara Timur,0.11703699350419423,0.6690753161717372,0.09894454628430686,0.11494314403976169,1
2019,Papua,0.2369485901014015,0.29847400452527284,0.2285019147872535,0.23607549058607208,1
2019,Papua Barat,0.2447402653860892,0.2708867596434156,0.24010511420755934,0.2442678607629359,1
2019,Riau,0.24492321652315915,0.27834936662414095,0.23300467403229083,0.24372274282040907,1
2019,Sulawesi Barat,0.27371604766243846,0.16265366138727264,0.2883964886422637,0.2752338023080252,2
2019,Sulawesi Selatan,0.3042437341408919,0.06417105488919284,0.32445301776331836,0.3071321932065969,2
2019,Sulawesi Tengah,0.22417926802274193,0.3494954075196227,0.20428172807424835,0.22204359638338692,1
2019,Sulawesi Tenggara,0.2750804492608448,0.1813374618770632,0.2689823030695487,0.27459978579254335,0
2019,Sulawesi Utara,0.27990362543154607,0.15312699130100726,0.2862551027456433,0.2807142805218033,2
2019,Sumatera Barat,0.2883707897584098,0.08383292250581298,0.3348968804238188,0.2928994073119585,2
2019,Sumatera Selatan,0.2735811082359363,0.1678638735358855,0.28385282207800916,0.274702196150169,2
2019,Sumatera Utara,0.26877765474102316,0.21130138488782604,0.2526984721907021,0.26722248818044875,0
2020,Aceh,0.2134834958035566,0.3712551766409857,0.202914322959905,0.21234700459555275,1
2020,Bali,0.24451614580947656,0.2747382016972749,0.2369959195916533,0.24374973290159513,1
2020,Banten,0.2577651846752446,0.22621880995651877,0.2581680963160824,0.2578479090521542,2
2020,Bengkulu,0.2874914444441171,0.09142555569498997,0.32948369732575067,0.2915993025351422,2
2020,DKI Jakarta,0.25775208844640113,0.22490390659355472,0.2593945807222495,0.2579494242377946,2
2020,Daerah Istimewa Yogyakarta,0.27858815587929825,0.1336663729702907,0.30642981695113364,0.2813156541992774,2
2020,Gorontalo,0.2853677717492922,0.09017495392203159,0.33448657317362984,0.2899707011550464,2
2020,Jambi,0.20112397578208038,0.41985483019234426,0.18018722183780886,0.19883397218776652,1
2020,Jawa Barat,0.28401864563903123,0.12966625599237766,0.30045559944391875,0.2858594989246724,2
2020,Jawa Tengah,0.2957074428050189,0.07986377546071709,0.32531270149713515,0.29911608023712893,2
2020,Jawa Timur,0.28265033744582196,0.09918407697220559,0.3310262048192896,0.2871393807626828,2
2020,Kalimantan Barat,0.2886419174374454,0.09036387539830282,0.3283790244987686,0.2926151826654832,2
2020,Kalimantan Selatan,0.28279435713350964,0.10079341366353832,0.329289113930098,0.287123115272854,2
2020,Kalimantan Tengah,0.29601681137198765,0.07488763438843697,0.32939498266148026,0.2997005715780951,2
2020,Kalimantan Timur,0.2838808873862923,0.09228128123821683,0.3351897525885414,0.2886480787869495,2
2020,Kalimantan Utara,0.28003493021191705,0.14171080442497155,0.2964691116481651,0.2817851537149463,2
2020,Kepulauan Bangka Belitung,0.2766914498606153,0.17965869746141946,0.26770684809941175,0.2759430045785535,0
2020,Kepulauan Riau,0.2838266593223113,0.15284580841187428,0.27966746347150917,0.2836600687943052,0
2020,Lampung,0.2797210097983295,0.19453986336795542,0.24915175514534477,0.27658737168837033,0
2020,Maluku,0.18916679033343614,0.44828440280438814,0.17493173611771165,0.18761707074446415,1
2020,Maluku Utara,0.2806976726004136,0.15116185151455977,0.28667414330021235,0.28146633258481424,2
2020,Nusa Tenggara Barat,0.22447685539075754,0.3412256579767282,0.2112161583611244,0.2230813282713899,1
2020,Nusa Tenggara Timur,0.19162540380824558,0.4645559660113107,0.1563122513910022,0.18750637878944157,1
2020,Papua,0.19594795169644902,0.42950046615886306,0.1803039942020297,0.19424758794265826,1
2020,Papua Barat,0.24532784909067135,0.26987923986458184,0.2400034356055546,0.2447894754391923,1
2020,Riau,0.2176465519244448,0.3585264149311476,0.20728522382050135,0.21654180932390618,1
2020,Sulawesi Barat,0.2550440587445509,0.24051303652317196,0.2498766899639554,0.25456621476832175,0
2020,Sulawesi Selatan,0.3058850913286811,0.07042947925746176,0.3159277413682386,0.30775768804561854,2
2020,Sulawesi Tengah,0.28011516083944904,0.1397485170886142,0.2981261322022315,0.2820101898697052,2
2020,Sulawesi Tenggara,0.2932825827638905,0.08477258702194412,0.32523299709439096,0.29671183311977445,2
2020,Sulawesi Utara,0.25604400377004877,0.23054744762153354,0.25722336375791294,0.2561851848505048,2
2020,Sumatera Barat,0.28833610750995975,0.0730196478145804,0.34494838173528575,0.2936958629401741,2
2020,Sumatera Selatan,0.28686924020210885,0.08889050297349411,0.3329118900707409,0.29132836675365614,2
2020,Sumatera Utara,0.2911573356996807,0.097693167155255,0.31717648285354555,0.2939730142915188,2
2021,Aceh,0.16212344376259405,0.5308743502426855,0.14659912331051528,0.16040308268420522,1
2021,Bali,0.2482484848647386,0.2649380355815225,0.23944982472534046,0.24736365482839842,1
2021,Banten,0.26437590147973095,0.2053937073316378,0.26564344155909486,0.2645869496295363,2
2021,Bengkulu,0.2686434100728726,0.1920419413693254,0.2704156572415952,0.2688989913162068,2
2021,DKI Jakarta,0.26139997394226,0.21166245870804848,0.2651193952074131,0.26181817214227837,2
2021,Daerah Istimewa Yogyakarta,0.2696821340141772,0.18075009746063125,0.2789004504381832,0.27066731808700845,2
2021,Gorontalo,0.23601097570394453,0.2981174267564308,0.23044622851470045,0.23542536902492422,1
2021,Jambi,0.2658325994520506,0.20242991750976877,0.26581733396839474,0.26592014906978584,3
2021,Jawa Barat,0.28030339712928276,0.14643400871836543,0.2916318517070119,0.2816307424453399,2
2021,Jawa Tengah,0.2972827976868355,0.08950172804075505,0.31371830693742525,0.2994971673349842,2
2021,Jawa Timur,0.2856012572307962,0.09149421098003695,0.33279834353963317,0.29010618824953366,2
2021,Kalimantan Barat,0.28463598670636786,0.11161743065958324,0.3159747049371158,0.287771877696933,2
2021,Kalimantan Selatan,0.283467032527429,0.09106451945146944,0.337077643033346,0.2883908049877556,2
2021,Kalimantan Tengah,0.26867471778348295,0.2221697126826659,0.2431005182560849,0.2660550512777663,0
2021,Kalimantan Timur,0.28428696866698067,0.07005615478736024,0.35503215658051074,0.2906247199651483,2
2021,Kalimantan Utara,0.2727398550297758,0.1668848773850797,0.2862463927826559,0.2741288748024885,2
2021,Kepulauan Bangka Belitung,0.24639332644821407,0.27717645413939795,0.23155864492170733,0.24487157449068073,1
2021,Kepulauan Riau,0.24097742583428408,0.28914435768552366,0.23001638680752018,0.239861829672672,1
2021,Lampung,0.2915727186016717,0.16709946405261888,0.25361816866291936,0.28770964868279,0
2021,Maluku,0.17237929360985144,0.4993190869161295,0.15755813519663145,0.1707434842773877,1
2021,Maluku Utara,0.25429386773403856,0.24636646088813213,0.2458743012593059,0.2534653701185234,0
2021,Nusa Tenggara Barat,0.2452846364009892,0.28104877751158464,0.22993875201620917,0.24372783407121704,1
2021,Nusa Tenggara Timur,0.24141247790034598,0.3003450121471434,0.21916264378559033,0.23907986616692026,1
2021,Papua,0.24344012875331025,0.31075149792663614,0.20649910209296046,0.23930927122709314,1
2021,Papua Barat,0.22177640418461148,0.3450146641067796,0.21242668490832878,0.22078224680028014,1
2021,Riau,0.2832126570921543,0.11816948483347436,0.3124875514454885,0.2861303066288828,2
2021,Sulawesi Barat,0.2756558136148093,0.16913765207211395,0.2790485287768809,0.27615800553619585,2
2021,Sulawesi Selatan,0.3027801575165351,0.08682232755289579,0.30656094787723925,0.3038365670533298,2
2021,Sulawesi Tengah,0.2242954362531145,0.34198005314089797,0.21084681818378412,0.22287769242220337,1
2021,Sulawesi Tenggara,0.2867651690734025,0.11531206000891685,0.30879425862838533,0.28912851228929526,2
2021,Sulawesi Utara,0.2953631750170542,0.12369463911654367,0.28607687395960085,0.29486531190680115,0
2021,Sumatera Barat,0.2868406739400377,0.08919802144785575,0.33272896708595323,0.29123233752615335,2
2021,Sumatera Selatan,0.2864452998469096,0.06731616373004728,0.35359122757904665,0.29264730884399653,2
2021,Sumatera Utara,0.1885021233431663,0.455004093312874,0.17001591406098857,0.18647786928297116,1
2022,Aceh,0.15251354560277955,0.5683397598847287,0.12930404822119254,0.14984264629129918,1
2022,Bali,0.2544721599532029,0.24308320369315886,0.248546962967459,0.25389767338617925,0
2022,Banten,0.2662219867320765,0.20032647006722995,0.2670450894850302,0.26640645371566335,2
2022,Bengkulu,0.2760654955313705,0.15333217944801036,0.2928155030280966,0.2777868219925225,2
2022,DKI Jakarta,0.2641273570160359,0.21501237282399882,0.25734688101219877,0.26351338914776656,0
2022,Daerah Istimewa Yogyakarta,0.2807779586417661,0.1332367011806066,0.3029383986070835,0.2830469415705439,2
2022,Gorontalo,0.2399282615157813,0.3001210018155007,0.22191484970630335,0.23803588696241462,1
2022,Jambi,0.263785379600933,0.22671170533098278,0.24734995796016657,0.26215295710791764,0
2022,Jawa Barat,0.2761777865018818,0.16691225088347308,0.2801474247588762,0.27676253785576893,2
2022,Jawa Tengah,0.29833438707134763,0.09028041948087728,0.31112856386234705,0.30025662958542804,2
2022,Jawa Timur,0.28718602311351665,0.08147395993370049,0.3391693318051943,0.29217068514758854,2
2022,Kalimantan Barat,0.284804482536525,0.1422071530681139,0.287649976087469,0.28533838830789204,2
2022,Kalimantan Selatan,0.2857129603803908,0.08434018837851333,0.3392270460273365,0.29071980521375945,2
2022,Kalimantan Tengah,0.27120055064255355,0.21264892545906766,0.24736046937588035,0.2687900545224984,0
2022,Kalimantan Timur,0.2838067627785891,0.0875274364103563,0.3397349815465502,0.2889308192645044,2
2022,Kalimantan Utara,0.27274370623702326,0.16686925708871805,0.28625393009235384,0.2741331065819048,2
2022,Kepulauan Bangka Belitung,0.2818996218783814,0.16227941556432637,0.27447628836942417,0.281344674187868,0
2022,Kepulauan Riau,0.2591353961736989,0.22642827410392438,0.25560524192636636,0.2588310877960104,0
2022,Lampung,0.28562890272020003,0.09357651993445594,0.33085010071597176,0.28994447662937234,2
2022,Maluku,0.2857129588179454,0.12601531613341566,0.3008771340534843,0.28739459099515463,2
2022,Maluku Utara,0.2277843468954291,0.3261508965650606,0.21918603822425622,0.2268787183152542,1
2022,Nusa Tenggara Barat,0.237326101541353,0.3094419843607521,0.21792503804551047,0.23530687605238446,1
2022,Nusa Tenggara Timur,0.20118530073578023,0.42183513801891426,0.17831995651885094,0.19865960472645464,1
2022,Papua,0.22369577099264537,0.338544848944063,0.21498992737721345,0.22276945268607815,1
2022,Papua Barat,0.22297599138721383,0.3406600716309689,0.21431196047759377,0.22205197650422354,1
2022,Papua Barat Daya,0.1682994442390326,0.5122347884256865,0.15286974578114948,0.16659602155413145,1
2022,Papua Pegunungan,0.22706342677377225,0.32694961081048496,0.21970792823164806,0.22627903418409465,1
2022,Papua Selatan,0.25385706980362166,0.2551450861109905,0.23868431509496288,0.252313528990425,1
2022,Papua Tengah,0.24591183795007515,0.26875410088387364,0.24002219811789646,0.24531186304815478,1
2022,Riau,0.26544752114861664,0.22726678048374688,0.24399598286262766,0.2632897155050088,0
2022,Sulawesi Barat,0.2756558136148093,0.16913765207211395,0.2790485287768809,0.27615800553619585,2
2022,Sulawesi Selatan,0.2962605953141008,0.07287174379529851,0.3307854874126856,0.30008217347791494,2
2022,Sulawesi Tengah,0.19671263329829722,0.4318218744801065,0.17691845267273623,0.19454703954886005,1
2022,Sulawesi Tenggara,0.290685750498954,0.09611630298113329,0.31945192408419226,0.29374602243572046,2
2022,Sulawesi Utara,0.2942763862686371,0.12818659791118164,0.28393129715769844,0.2936057186624828,0
2022,Sumatera Barat,0.28637745591142605,0.07392981208780885,0.34766193842418347,0.2920307935765816,2
2022,Sumatera Selatan,0.28487635586072646,0.07658723199125665,0.3479152486157157,0.29062116353230116,2
2022,Sumatera Utara,0.28648245100119557,0.167513020299173,0.26185738868754266,0.2841471400120887,0
2023,Aceh,0.12987389483175082,0.6317401277793567,0.11071643658915822,0.12766954079973422,1
2023,Bali,0.2587658197382428,0.22889393314067039,0.2540149171368965,0.2583253299841903,0
2023,Banten,0.26639142503107566,0.1949817735001744,0.27163403866757047,0.26699276280117945,2
2023,Bengkulu,0.28140346147749257,0.1177860431377647,0.31605852194017775,0.284751973444565,2
2023,DKI Jakarta,0.26140234473029655,0.21165422334649706,0.2651227783743971,0.26182065354880935,2
2023,Daerah Istimewa Yogyakarta,0.2746551903952441,0.1621284106006105,0.28721463862900715,0.27600176037513824,2
2023,Gorontalo,0.2381704059848193,0.29956183211617643,0.22541852110854793,0.23684924079045627,1
2023,Jambi,0.27961998873982175,0.15124839781114535,0.2884550420721321,0.2806765713769009,2
2023,Jawa Barat,0.2738932332276646,0.17352672310387707,0.27810534857830627,0.27447469509015204,2
2023,Jawa Tengah,0.3007630163638677,0.08709411469314432,0.30974310664637417,0.30239976229661375,2
2023,Jawa Timur,0.28561520423634223,0.08028022723719329,0.3431248665354164,0.29097970199104806,2
2023,Kalimantan Barat,0.28202109368628536,0.14368686892488133,0.29117830328385264,0.28311373410498064,2
2023,Kalimantan Selatan,0.2832760226560005,0.09501881353214144,0.33375392072963833,0.2879512430822197,2
2023,Kalimantan Tengah,0.31219813888362385,0.1111384609738086,0.2687029239025876,0.3079604762399799,0
2023,Kalimantan Timur,0.28341462164574055,0.09343278670119617,0.3349709117207562,0.28818167993230714,2
2023,Kalimantan Utara,0.27332157389426537,0.1668821704617237,0.2852175321871089,0.274578723456902,2
2023,Kepulauan Bangka Belitung,0.3097655289575274,0.11922133884863344,0.2655752148940831,0.30543791729975606,0
2023,Kepulauan Riau,0.2971852569083134,0.10088901283026819,0.30356449304180366,0.29836123721961477,2
2023,Lampung,0.29269269260919245,0.07017891830874973,0.3396608457137746,0.2974675433682831,2
2023,Maluku,0.24798354219693125,0.2705716117154024,0.234798559980388,0.24664628610727835,1
2023,Maluku Utara,0.28353205853965546,0.1511212324468191,0.2817706674147243,0.2835760415988011,3
2023,Nusa Tenggara Barat,0.2621042329477753,0.2211726452314054,0.2552135360657692,0.26150958575505007,0
2023,Nusa Tenggara Timur,0.08545745315259788,0.7577016237977644,0.07284071429966565,0.08400020874997206,1
2023,Papua,0.192408846345872,0.438182366419109,0.17851186560574306,0.19089692162927593,1
2023,Papua Barat,0.2055035038925299,0.39615208348365605,0.1940738347652597,0.2042705778585544,1
2023,Papua Barat Daya,0.19667898641110768,0.4245679086290761,0.18350588044975258,0.19524722451006368,1
2023,Papua Pegunungan,0.22706342677377225,0.32694961081048496,0.21970792823164806,0.22627903418409465,1
2023,Papua Selatan,0.2154756382618629,0.365740029302631,0.20448684266725467,0.2142974897682515,1
2023,Papua Tengah,0.24591183795007515,0.26875410088387364,0.24002219811789646,0.24531186304815478,1
2023,Riau,0.22089968240363214,0.361753149662501,0.19884326850762818,0.21850389942623863,1
2023,Sulawesi Barat,0.2756558136148093,0.16913765207211393,0.2790485287768809,0.27615800553619585,2
2023,Sulawesi Selatan,0.3080688528735037,0.055942502750847285,0.3250904661331535,0.31089817824249544,2
2023,Sulawesi Tengah,0.23062098397273703,0.32314138159909367,0.21703411133236197,0.22920352309580738,1
2023,Sulawesi Tenggara,0.29501597832479454,0.08785011628374494,0.31935147069762304,0.2977824346938375,2
2023,Sulawesi Utara,0.2807925014369881,0.17458176196876285,0.26523635351362596,0.27938938308062305,0
2023,Sumatera Barat,0.28629115369760416,0.06896944655154355,0.3523802044982105,0.2923591952526418,2
2023,Sumatera Selatan,0.286052862926072,0.10208534469565801,0.32222905076870834,0.28963274160956165,2
2023,Sumatera Utara,0.21010046675212649,0.39315326211013324,0.18895231784949282,0.20779395328824748,1
2024,Aceh,0.14041195330459524,0.5994303256275825,0.12185312844422441,0.13830459262359787,1
2024,Bali,0.2585986067064285,0.23012602587583375,0.25318080876350835,0.2580945586542295,0
2024,Banten,0.26841585989404454,0.1873607917698594,0.2750609420732619,0.2691624062628342,2
2024,Bengkulu,0.2794785005478613,0.12657329282475505,0.31140120555548745,0.2825470010718963,2
2024,DKI Jakarta,0.26130645618259574,0.21198720312591351,0.264986040133553,0.2617203005579377,2
2024,Daerah Istimewa Yogyakarta,0.2756061089941286,0.16001756997698469,0.2874673191542793,0.2769090018746074,2
2024,Gorontalo,0.2207546849453352,0.3523120439582145,0.20758327947926325,0.2193499916171871,1
2024,Jambi,0.29345095683374567,0.08333203052401393,0.32620056966582917,0.2970164429764112,2
2024,Jawa Barat,0.28404740214687635,0.13645466629064817,0.2941753395575404,0.28532259200493515,2
2024,Jawa Tengah,0.29741178611005775,0.09014118780171762,0.312908336328654,0.2995386897595706,2
2024,Jawa Timur,0.2876929615126187,0.06277884728753803,0.3554866464796664,0.2940415447201769,2
2024,Kalimantan Barat,0.2790566673047307,0.15095789899558426,0.289729946434345,0.28025548726534,2
2024,Kalimantan Selatan,0.28520413365103864,0.1021002456428077,0.32373817497343677,0.2889574457327168,2
2024,Kalimantan Tengah,0.2713420869428564,0.21661184851183007,0.24354547498464327,0.2685005895606703,0
2024,Kalimantan Timur,0.28537982989942684,0.07222043030785585,0.3510297404882277,0.2913699993044896,2
2024,Kalimantan Utara,0.27366088507826447,0.1656168293610713,0.2857797052935921,0.27494258026707225,2
2024,Kepulauan Bangka Belitung,0.2550383291592073,0.2443138766401106,0.24645450712502026,0.25419328707566186,0
2024,Kepulauan Riau,0.2892775789892528,0.0997353108867925,0.31860885360553187,0.2923782565184228,2
2024,Lampung,0.28766132986458737,0.13536782512846982,0.28890769782646464,0.2880631471804783,2
2024,Maluku,0.210541016897496,0.38063128107984223,0.19948003737115072,0.209347664651511,1
2024,Maluku Utara,0.2835320585396554,0.1511212324468191,0.28177066741472423,0.2835760415988012,3
2024,Nusa Tenggara Barat,0.20819810899773566,0.40386125510444165,0.18256800902732556,0.20537262687049718,1
2024,Nusa Tenggara Timur,0.1298710008198599,0.6274823466687958,0.11451028711050439,0.12813636540083992,1
2024,Papua,0.2182571368337136,0.363919038763166,0.20137133906239105,0.21645248534072936,1
2024,Papua Barat,0.22899682664676752,0.32232796888784965,0.2205654132710858,0.22810979119429706,1
2024,Papua Barat Daya,0.1682994442390326,0.5122347884256865,0.15286974578114948,0.16659602155413145,1
2024,Papua Pegunungan,0.22706342677377225,0.32694961081048496,0.21970792823164806,0.22627903418409465,1
2024,Papua Selatan,0.22926047985872428,0.32361778320964046,0.21894965624724033,0.22817208068439493,1
2024,Papua Tengah,0.24591183795007515,0.26875410088387364,0.24002219811789646,0.24531186304815478,1
2024,Riau,0.2703607740842281,0.18987628949783777,0.2693946719860129,0.2703682644319212,3
2024,Sulawesi Barat,0.3002406065240341,0.1105063523536947,0.2895356755107969,0.29971736561147433,0
2024,Sulawesi Selatan,0.3087858146168433,0.05202603771425358,0.3273168080817154,0.3118713395871877,2
2024,Sulawesi Tengah,0.1958855067617908,0.429998065480971,0.1799617045592788,0.1941547231979594,1
2024,Sulawesi Tenggara,0.2839471266014893,0.13240996884206274,0.29810037390153615,0.2855425306549117,2
2024,Sulawesi Utara,0.2584862260727148,0.24687603218646526,0.23822311692818723,0.2564146248126327,0
2024,Sumatera Barat,0.2937832007657875,0.08904290644159811,0.3204349607597887,0.2967389320328256,2
2024,Sumatera Selatan,0.28976047537579125,0.1680582445843677,0.2558537769750111,0.28632750306482996,0
2024,Sumatera Utara,0.2855808855935325,0.14464030456876642,0.284104032798096,0.28567477703960503,3
2025,Aceh,0.2061173415562502,0.4120349761062353,0.17879450775607822,0.2030531745814363,1
2025,Bali,0.2552176689370712,0.24134190164611583,0.2488391441183819,0.2546012852984311,0
2025,Banten,0.2423531952613285,0.27868123855963295,0.23713993502787378,0.2418256311511647,1
2025,Bengkulu,0.2530565407414207,0.24633009462492234,0.24803466375933378,0.25257870087432316,0
2025,DKI Jakarta,0.26064888947179476,0.2142648738388196,0.264053595868004,0.2610326408213816,2
2025,Daerah Istimewa Yogyakarta,0.27742466272567956,0.15361730083186148,0.29014366190232105,0.2788143745401379,2
2025,Gorontalo,0.2574401445754421,0.24358658554322127,0.24298912852827484,0.25598414135306174,0
2025,Jambi,0.29159649405229776,0.15171032912949342,0.26733724047229546,0.28935593634591333,0
2025,Jawa Barat,0.2846087816394644,0.13625413736385408,0.29337978581326596,0.2857572951834156,2
2025,Jawa Tengah,0.27858706119842086,0.1395312041944558,0.30102089828758277,0.2808608363195405,2
2025,Jawa Timur,0.2840232839122777,0.07227512978850326,0.35345934558224457,0.2902422407169746,2
2025,Kalimantan Barat,0.2794809647843891,0.16044756299790866,0.2803114829952581,0.27975998922244416,2
2025,Kalimantan Selatan,0.2868015648418981,0.06980244099269294,0.35067664845790864,0.29271934570750036,2
2025,Kalimantan Tengah,0.3096796990746879,0.07529683313611929,0.3048307467801253,0.31019272100906753,3
2025,Kalimantan Timur,0.2844964538081834,0.066987494801211,0.3574973044309639,0.29101874695964164,2
2025,Kalimantan Utara,0.2781053541502146,0.14335843532504514,0.29837998130217086,0.28015622922256933,2
2025,Kepulauan Bangka Belitung,0.2813841981150272,0.13046092717678034,0.3044327050919874,0.28372216961620506,2
2025,Kepulauan Riau,0.28568090266322377,0.13777800418678474,0.2901804469026273,0.2863606462473642,2
2025,Lampung,0.2598417861031518,0.2185811924553998,0.2615232396476079,0.2600537817938406,2
2025,Maluku,0.14482772070496785,0.5827285153708598,0.12934094970019105,0.1431028142239813,1
2025,Maluku Utara,0.2835320585396554,0.1511212324468191,0.28177066741472423,0.2835760415988012,3
2025,Nusa Tenggara Barat,0.246060040959558,0.28035840687503033,0.2292346268996173,0.24434692526579435,1
2025,Nusa Tenggara Timur,0.12357852615838642,0.6521945982215781,0.10304287636869557,0.12118399925133995,1
2025,Papua,0.17674424255405388,0.4896228852081374,0.15886372031272353,0.17476915192508513,1
2025,Papua Barat,0.22948055634291306,0.32070790857577336,0.2212021674913494,0.22860936758996409,1
2025,Papua Barat Daya,0.27277482701625444,0.17283789597468097,0.2807118128641606,0.27367546414490396,2
2025,Papua Pegunungan,0.22706342677377225,0.32694961081048496,0.21970792823164806,0.22627903418409465,1
2025,Papua Selatan,0.22361326356008782,0.3454261245725633,0.20891284461760795,0.22204776724974096,1
2025,Papua Tengah,0.24591183795007515,0.26875410088387364,0.24002219811789646,0.24531186304815478,1
2025,Riau,0.28128418609455613,0.1452699536054807,0.2910064823733677,0.2824393779265954,2
2025,Sulawesi Barat,0.2756558136148093,0.16913765207211393,0.2790485287768809,0.27615800553619585,2
2025,Sulawesi Selatan,0.32956493742791215,0.05402842417487353,0.28955755185163984,0.32684908654557454,0
2025,Sulawesi Tengah,0.23126808066861665,0.3170499831358512,0.22144814230793103,0.23023379388760115,1
2025,Sulawesi Tenggara,0.28189474157204447,0.14215779245661303,0.29278832479502576,0.2831591411763167,2
2025,Sulawesi Utara,0.2862694824535964,0.14301854640963152,0.2843701500365403,0.28634182110023176,3
2025,Sumatera Barat,0.28816091888019946,0.09888872021328525,0.32141990800482584,0.29153045290168955,2
2025,Sumatera Selatan,0.2737609891988023,0.16677672469285115,0.2845583908886789,0.27490389521966757,2
2025,Sumatera Utara,0.2921624939035278,0.11359401529930227,0.3008629760814867,0.2933805147156832,2
