Tahun,Provinsi,u_cluster_0,u_cluster_1,u_cluster_2,u_cluster_3,label
2019,Aceh,0.4326740494113441,0.1907483635665468,0.1847284338057975,0.19184915321631144,0
2019,Bali,0.24872431264184222,0.2515156073237095,0.24756046382458596,0.2521996162098623,3
2019,Banten,0.2373424188017393,0.2543663411625895,0.2538496034604168,0.2544416365752544,3
2019,Bengkulu,0.2192105398756118,0.2609542136587896,0.2584706122757536,0.2613646341898449,3
2019,DKI Jakarta,0.22966733700022288,0.2567000160276431,0.25699490717101076,0.25663773980112325,2
2019,Daerah Istimewa Yogyakarta,0.14759906100082984,0.28174179150553313,0.2904498463595561,0.2802093011340809,2
2019,Gorontalo,0.1378840254922188,0.28777728956704346,0.2864384233258411,0.2879002616148968,3
2019,Jambi,0.31854256470305325,0.22933283745929975,0.2213637441643526,0.2307608536732944,0
2019,Jawa Barat,0.19363996171105533,0.2683800416395048,0.26990691879698564,0.2680730778524542,2
2019,Jawa Tengah,0.09459302533093406,0.29590505795273825,0.31717605773892427,0.2923258589774033,2
2019,Jawa Timur,0.09302053588259727,0.29597076134974704,0.3188449002647023,0.29216380250295343,2
2019,Kalimantan Barat,0.13304116456701143,0.28969722037047907,0.2872969066867601,0.28996470837574945,3
2019,Kalimantan Selatan,0.09860972202286505,0.29470764960791157,0.31544363298599865,0.29123899538322473,2
2019,Kalimantan Tengah,0.07647929763923061,0.30204272262393395,0.3230772340030036,0.2984007457338319,2
2019,Kalimantan Timur,0.08996152395396848,0.2979888809013092,0.3173934799413412,0.29465611520338114,2
2019,Kalimantan Utara,0.14245142189834226,0.2836105377211148,0.2917736148028115,0.28216442557773147,2
2019,Kepulauan Bangka Belitung,0.3649709257342312,0.21316515182486995,0.20771159347728782,0.21415232896361097,0
2019,Kepulauan Riau,0.1444076152853431,0.2888673643936369,0.27560798130305303,0.2911170390179669,3
2019,Lampung,0.1988165538733564,0.26701131668991684,0.2672377345550799,0.2669343948816469,2
2019,Maluku,0.18691623901292065,0.2749633721581384,0.26061041040771105,0.2775099784212299,3
2019,Maluku Utara,0.20742260771081295,0.26487007886318137,0.2624503222513278,0.2652569911746778,3
2019,Nusa Tenggara Barat,0.1894515614585993,0.26983530873271033,0.2711471652690474,0.269565964539643,2
2019,Nusa Tenggara Timur,0.6699624778807253,0.11214635086410002,0.10424575511616338,0.11364541613901129,0
2019,Papua,0.29855782442934836,0.23481946746977433,0.2311513221842864,0.2354713859165909,0
2019,Papua Barat,0.27091570661445125,0.24358043702460927,0.24156868701628828,0.24393516934465118,0
2019,Riau,0.2783359793561276,0.24197704569812784,0.2368039173944309,0.2428830575513137,0
2019,Sulawesi Barat,0.16251668725869528,0.2774135859210792,0.28378938783992325,0.2762803389803023,2
2019,Sulawesi Selatan,0.06376064322980987,0.3097104772044277,0.3187695258764547,0.30775935368930774,2
2019,Sulawesi Tengah,0.34969270570396116,0.2191337119261114,0.21046563177997618,0.22070795058995127,0
2019,Sulawesi Tenggara,0.1810679831422137,0.27371625574475394,0.27109767688199704,0.27411808423103534,3
2019,Sulawesi Utara,0.1528171665952374,0.2816464816882564,0.2844545341217093,0.28108181759479683,2
2019,Sumatera Barat,0.08376575515857651,0.29984808115244127,0.3199993980343504,0.2963867656546318,2
2019,Sumatera Selatan,0.16769585498306985,0.27621597636806905,0.2806932210335583,0.27539494761530275,2
2019,Sumatera Utara,0.21110218417360213,0.26489228274820237,0.25791915677966987,0.2660863762985256,3
2020,Aceh,0.3715880101286293,0.21072477250854302,0.20612651856699415,0.21156069879583353,0
2020,Bali,0.27474750328842007,0.24264721662092786,0.2393824591853551,0.2432228209052969,0
2020,Banten,0.22613633870704591,0.2579096087913163,0.2580948808681318,0.257859171633506,2
2020,Bengkulu,0.09134828056931373,0.2978663990332932,0.3160512201115632,0.2947341002858299,2
2020,DKI Jakarta,0.22482762114896618,0.25819721423351893,0.2589177543022233,0.2580574103152916,2
2020,Daerah Istimewa Yogyakarta,0.1336026338260345,0.28547593111809366,0.2975223688006077,0.28339906625526423,2
2020,Gorontalo,0.09019434417059209,0.2973918212435749,0.3185862523940651,0.29382758219176797,2
2020,Jambi,0.4202959728666854,0.19571846415143404,0.18659136565646364,0.19739419732541702,0
2020,Jawa Barat,0.12943376901442225,0.28823933513131733,0.2954252251584665,0.2869016706957939,2
2020,Jawa Tengah,0.07956759325648373,0.30329243377467385,0.3163096940264591,0.30083027894238334,2
2020,Jawa Timur,0.09925327247155541,0.2944614174341498,0.3153113072660138,0.29097400282828095,2
2020,Kalimantan Barat,0.09022144968809498,0.29851064937635957,0.3157664093259458,0.2955014916095997,2
2020,Kalimantan Selatan,0.10083479251681791,0.2941588457924869,0.31420692328028543,0.2907994384104098,2
2020,Kalimantan Tengah,0.0746105782521163,0.3044874005479148,0.3191130023680698,0.3017890188318992,2
2020,Kalimantan Timur,0.09234437189317234,0.2964115249816547,0.3185356502930688,0.2927084528321042,2
2020,Kalimantan Utara,0.14153147650453407,0.2842026339620518,0.2913566530007181,0.282909236532696,2
2020,Kepulauan Bangka Belitung,0.17938394121377998,0.2746243041903574,0.2707564965712993,0.27523525802456333,3
2020,Kepulauan Riau,0.15251444048692828,0.28301069775166826,0.28126625412387424,0.2832086076375292,3
2020,Lampung,0.1943825392895816,0.27219424577498247,0.2588713698015387,0.2745518451338972,3
2020,Maluku,0.44885029437538115,0.1854038508295252,0.17920752954724745,0.18653832524784628,0
2020,Maluku Utara,0.1508896931422184,0.28233519954119646,0.2849729512485242,0.28180215606806097,2
2020,Nusa Tenggara Barat,0.34139140562988823,0.2211132463999421,0.2153466770460958,0.22214867092407378,0
2020,Nusa Tenggara Timur,0.4652199965131784,0.18243315891830839,0.16696493721936978,0.18538190734914342,0
2020,Papua,0.43000440596963646,0.1918538145478877,0.18504189759813636,0.19309988188433952,0
2020,Papua Barat,0.26989234893607345,0.2440039797417428,0.24169424557350128,0.2444094257486825,0
2020,Riau,0.3588061031348034,0.21496155106512357,0.210455690161961,0.21577665563811202,0
2020,Sulawesi Barat,0.24041239587673247,0.2538153182993895,0.25158447679058266,0.25418780903329535,3
2020,Sulawesi Selatan,0.0699843952817531,0.3088593297061052,0.3134729027930797,0.30768337221906206,2
2020,Sulawesi Tengah,0.13955304969239357,0.2846716606379463,0.2925109629454755,0.2832643267241846,2
2020,Sulawesi Tenggara,0.08453073087770989,0.3013503714684346,0.31530149499775373,0.2988174026561018,2
2020,Sulawesi Utara,0.2304834580651684,0.2563664235451839,0.2568838709760039,0.25626624741364373,2
2020,Sumatera Barat,0.07300899242255346,0.3022172367561384,0.3266964425871547,0.2980773282341535,2
2020,Sumatera Selatan,0.08885039073130128,0.29821197697979596,0.3181389122398114,0.29479872004909136,2
2020,Sumatera Utara,0.09745802215715582,0.29775230535866515,0.3091093974297567,0.2956802750544224,2
2021,Aceh,0.5317416204852898,0.15792291212978654,0.15116181565780634,0.15917365172711723,0
2021,Bali,0.2649064959420088,0.2460811441176634,0.24226310513827226,0.24674925480205548,0
2021,Banten,0.2052468000800066,0.26477257204586896,0.2653436845553534,0.2646369433187711,2
2021,Bengkulu,0.19186234597262736,0.26917393093205055,0.26996029408190014,0.269003429013422,2
2021,DKI Jakarta,0.21155771839634754,0.2623733989680108,0.2639987797051021,0.2620701029305395,2
2021,Daerah Istimewa Yogyakarta,0.18059770937543285,0.2720384220354938,0.27605269164322666,0.2713111769458468,2
2021,Gorontalo,0.2982212024253281,0.23458756650353635,0.2321695099985971,0.23502172107253838,0
2021,Jambi,0.20226969959821656,0.26591877330730523,0.2659332156250081,0.26587831146947005,2
2021,Jawa Barat,0.14619511632485088,0.2832618830767319,0.2882310381851991,0.2823119624132181,2
2021,Jawa Tengah,0.08913992554812598,0.30168949673427276,0.30900058660257235,0.30016999111502896,2
2021,Jawa Timur,0.09148916150774584,0.2971927572483138,0.31759099289182746,0.29372708835211286,2
2021,Kalimantan Barat,0.1114967286090434,0.29242805245169495,0.3060183183775911,0.29005690056167055,2
2021,Kalimantan Selatan,0.09115970713462428,0.29652991616422375,0.3196206456587504,0.29268973104240154,2
2021,Kalimantan Tengah,0.22202799392034908,0.26237913197210117,0.2512444503912009,0.26434842371634887,3
2021,Kalimantan Timur,0.07021798490511251,0.30144386803406,0.3318884655109163,0.29644968154991114,2
2021,Kalimantan Utara,0.1667587627818782,0.2761389309731614,0.2820024300866089,0.2750998761583515,2
2021,Kepulauan Bangka Belitung,0.27710899526236066,0.24273239964600596,0.2362851958723154,0.24387340921931802,0
2021,Kepulauan Riau,0.28916844036658645,0.23825034156368063,0.23349273876965124,0.2390884793000817,0
2021,Lampung,0.166904222305409,0.2822452561185464,0.265686330040599,0.2851641915354457,3
2021,Maluku,0.5001080106992396,0.1683850043332457,0.16193082292975,0.16957616203776466,0
2021,Maluku Utara,0.2462630682989025,0.2522518493944035,0.2486023494413723,0.25288273286532165,3
2021,Nusa Tenggara Barat,0.28097617454305795,0.24150565542461844,0.23484042504114186,0.24267774499118178,0
2021,Nusa Tenggara Timur,0.3003896879813991,0.23585388789611475,0.2261667799316518,0.23758964419083445,0
2021,Papua,0.3109875409540969,0.23405546250425083,0.2178958189163537,0.23706117762529857,0
2021,Papua Barat,0.34523876796079866,0.21936405359246455,0.21529888736517272,0.22009829108156395,0
2021,Riau,0.11803361344334692,0.2904941294246611,0.30318772329224,0.288284533839752,2
2021,Sulawesi Barat,0.16888683131578966,0.2766440121538539,0.2781589891074845,0.2763101674228719,2
2021,Sulawesi Selatan,0.0863790593127605,0.3041353536199766,0.3059578902999927,0.3035276967672701,2
2021,Sulawesi Tengah,0.3421601941199877,0.22087894799760574,0.21503077096069267,0.22193008692171384,0
2021,Sulawesi Tenggara,0.11509244818126058,0.29234895486497403,0.30195338890451673,0.29060520804924866,2
2021,Sulawesi Utara,0.12325359318094946,0.29339203093522326,0.2894603046676345,0.2938940712161928,3
2021,Sumatera Barat,0.08915692788922787,0.29812588262535594,0.31796734299232415,0.294749846493092,2
2021,Sumatera Selatan,0.06737660389342309,0.3028205503928254,0.3318197698287586,0.29798307588499284,2
2021,Sumatera Utara,0.45555005600798887,0.18367502031190083,0.17562011368672684,0.1851548099933834,0
2022,Aceh,0.5690925803773087,0.14637734813580938,0.1362345289417795,0.14829554254510244,0
2022,Bali,0.24300536842620898,0.2530403883921166,0.2504738172423816,0.2534804259392929,3
2022,Banten,0.2001575387522362,0.26652325462300835,0.2669064415309592,0.26641276509379624,2
2022,Bengkulu,0.15318377685376924,0.28027726501591976,0.28754984914518816,0.27898910898512275,2
2022,DKI Jakarta,0.21484240511531116,0.2625341282786996,0.25960583589332187,0.2630176307126674,3
2022,Daerah Istimewa Yogyakarta,0.1330838219988757,0.2863312919373336,0.2959547694859452,0.2846301165778455,2
2022,Gorontalo,0.30016908421565924,0.2354214406322021,0.22758165553931595,0.23682781961282262,0
2022,Jambi,0.22655115562111697,0.2597817916995144,0.2526448566484784,0.2610221960308902,3
2022,Jawa Barat,0.16665420916741427,0.2773203597928748,0.2790949243394879,0.276930506700223,2
2022,Jawa Tengah,0.08988802549120092,0.30188046613272707,0.3076287891546771,0.3006027192213949,2
2022,Jawa Timur,0.08146393685118235,0.2999594143688238,0.322447885281139,0.29612876349885486,2
2022,Kalimantan Barat,0.1418622960070861,0.28572245745355596,0.28702687213071537,0.2853883744086425,2
2022,Kalimantan Selatan,0.08435815121648901,0.29880589652204753,0.32191234185753,0.2949236104039335,2
2022,Kalimantan Tengah,0.21246329336260406,0.26536273236013386,0.25499012428948725,0.2671838499877748,3
2022,Kalimantan Timur,0.08762502056238754,0.2974285217707786,0.3215190023756556,0.29342745529117825,2
2022,Kalimantan Utara,0.1667431271132875,0.2761437034554012,0.28200880554106844,0.27510436389024284,2
2022,Kepulauan Bangka Belitung,0.16194420096147172,0.2802540527407246,0.27707240888492635,0.28072933741287726,3
2022,Kepulauan Riau,0.226300687982771,0.25832440531942524,0.25680651720864517,0.25856838948915856,3
2022,Lampung,0.0935567871642837,0.2967403020056689,0.3162826242827018,0.29342028654734553,2
2022,Maluku,0.12576587726743782,0.2896122896337428,0.29623518809710536,0.28838664500171407,2
2022,Maluku Utara,0.32632046393028025,0.22558169837858796,0.2218448777263767,0.22625295996475506,0
2022,Nusa Tenggara Barat,0.3094609844973696,0.2324913173857995,0.2240502057554081,0.23399749236142284,0
2022,Nusa Tenggara Timur,0.4222635529065885,0.19529003256652877,0.18531440434962992,0.1971320101772527,0
2022,Papua,0.33877349325407213,0.22144268913178605,0.2176571119943831,0.2221267056197588,0
2022,Papua Barat,0.34089139967497734,0.22073154762269084,0.21696380363543857,0.22141324906689322,0
2022,Papua Barat Daya,0.5130422561718071,0.16414560458843577,0.1574262816832511,0.1653858575565061,0
2022,Papua Pegunungan,0.32714276957564725,0.22515897902216314,0.22196062177975195,0.22573762962243757,0
2022,Papua Selatan,0.2550735399826433,0.2501193911070754,0.24352626587862472,0.2512808030316567,0
2022,Papua Tengah,0.2687600802173233,0.24444870821736797,0.2418917871068467,0.24489942445846208,0
2022,Riau,0.2270671546346358,0.2602083858181843,0.25088389909634884,0.26184056045083104,3
2022,Sulawesi Barat,0.16888683131578966,0.2766440121538539,0.2781589891074845,0.2763101674228719,2
2022,Sulawesi Selatan,0.0725908263339147,0.30502391272696766,0.3201584322320256,0.302226828707092,2
2022,Sulawesi Tengah,0.4322710947324494,0.19159076860570529,0.18296308195587307,0.19317505470597235,0
2022,Sulawesi Tenggara,0.09589543361887243,0.2979427695235724,0.31048470771628733,0.29567708914126783,2
2022,Sulawesi Utara,0.12775541879364932,0.29201375618766956,0.28760263473646264,0.2926281902822185,3
2022,Sumatera Barat,0.07399032588161436,0.3013266198587083,0.3277635565765785,0.2969194976830989,2
2022,Sumatera Selatan,0.07669152836212033,0.3002147771431237,0.32737661252677075,0.29571708196798524,2
2022,Sumatera Utara,0.16723572965694575,0.28054766826868716,0.26985761990633483,0.28235898216803235,3
2023,Aceh,0.6326056827365466,0.12472582084293304,0.11636084273547283,0.12630765368504757,0
2023,Bali,0.22877919140584263,0.2576436470130524,0.25558999011752687,0.257987171463578,3
2023,Banten,0.19484082501633807,0.26776626300000284,0.27005960815305996,0.2673333038305991,2
2023,Bengkulu,0.11774610314160387,0.28994516171788903,0.30492646838544935,0.2873822667550577,2
2023,DKI Jakarta,0.21154946501136085,0.2623760299227848,0.26400185220775735,0.2620726528580969,2
2023,Daerah Istimewa Yogyakarta,0.16196025605140946,0.2778540165302333,0.2833246831053268,0.27686104431303044,2
2023,Gorontalo,0.29959861442414437,0.2349857549421184,0.2294435476177099,0.2359720830160273,0
2023,Jambi,0.15100909617709626,0.2819546225096116,0.2858317447080787,0.2812045366052134,2
2023,Jawa Barat,0.17329518750097936,0.2750761152322605,0.27694754460223264,0.2746811526645274,2
2023,Jawa Tengah,0.08666449494864296,0.3034180156132365,0.30753364337291694,0.3023838460652036,2
2023,Jawa Timur,0.08034107344493889,0.29966733515294075,0.32448773575293566,0.2955038556491847,2
2023,Kalimantan Barat,0.1434080219929606,0.2844485693838623,0.28847225869714793,0.2836711499260291,2
2023,Kalimantan Selatan,0.09508035581427461,0.2955983225943794,0.3173588691565245,0.29196245243482144,2
2023,Kalimantan Tengah,0.11087054531972274,0.3016158281245617,0.2826301986903132,0.3048834278654023,3
2023,Kalimantan Timur,0.09351189694551237,0.2959931967752167,0.31821043361103857,0.2922844726682324,2
2023,Kalimantan Utara,0.16671125703831333,0.2763477300932829,0.2815250379626151,0.27541597490578873,2
2023,Kepulauan Bangka Belitung,0.11896216205427843,0.29899894010056505,0.2797111199346132,0.3023277779105433,3
2023,Kepulauan Riau,0.1004538947744405,0.2991197240937867,0.3020476268930803,0.2983787542386926,2
2023,Lampung,0.07001854795220341,0.3043776029884357,0.32482540072033195,0.30077844833902895,2
2023,Maluku,0.2705140028371303,0.24473493416480865,0.2390093644820112,0.24574169851604988,0
2023,Maluku Utara,0.1507962139307821,0.28329480616145924,0.28258401862357374,0.28332496128418494,3
2023,Nusa Tenggara Barat,0.2209740067469494,0.26050487143392886,0.25753931847997225,0.2609818033391495,3
2023,Nusa Tenggara Timur,0.7587689330951277,0.08189564994265143,0.0763978378091377,0.08293757915308321,0
2023,Papua,0.43872655094279134,0.18873853047528874,0.18268922242823166,0.1898456961536882,0
2023,Papua Barat,0.3965616973536803,0.20250183538559982,0.19752897993521554,0.20340748732550443,0
2023,Papua Barat Daya,0.42509007422386835,0.1931983219524498,0.18746445467426015,0.19424714914942165,0
2023,Papua Pegunungan,0.32714276957564725,0.22515897902216314,0.22196062177975195,0.22573762962243757,0
2023,Papua Selatan,0.36605139734066855,0.21262048612012838,0.20784007351810588,0.2134880430210972,0
2023,Papua Tengah,0.2687600802173233,0.24444870821736797,0.2418917871068467,0.24489942445846208,0
2023,Riau,0.3619726724558517,0.21529515787948716,0.20567837498797023,0.21705379467669098,0
2023,Sulawesi Barat,0.16888683131578963,0.2766440121538539,0.2781589891074845,0.2763101674228719,2
2023,Sulawesi Selatan,0.05550413526359739,0.31286038570346614,0.3206092015754081,0.3110262774575283,2
2023,Sulawesi Tengah,0.32324973575733085,0.2272005070979509,0.22129389928832272,0.2282558578563955,0
2023,Sulawesi Tenggara,0.08752752097154716,0.30126581641825734,0.31194564213335496,0.29926102047684056,2
2023,Sulawesi Utara,0.1742352514537108,0.2771275738285067,0.27040093535013787,0.27823623936764463,3
2023,Sumatera Barat,0.0690525781414321,0.30239326699047137,0.3309009152195782,0.29765323964851836,2
2023,Sumatera Selatan,0.10195966055968411,0.29502440627544313,0.31071106592604736,0.2923048672388254,2
2023,Sumatera Utara,0.3935148375316931,0.20467158395198795,0.1954520512201834,0.20636152729613552,0
2024,Aceh,0.6003307949228087,0.135415452421261,0.12731912320433453,0.13693462945159576,0
2024,Bali,0.23001038822346848,0.2573130755799488,0.2549709740851898,0.2577055621113929,3
2024,Banten,0.18720929900059408,0.2701430718268572,0.2730459558961221,0.26960167327642665,2
2024,Bengkulu,0.12654224195906724,0.28733959373013807,0.3011310118044891,0.28498715250630563,2
2024,DKI Jakarta,0.2118831750044296,0.26226964221454263,0.2638776477114035,0.2619695350696242,2
2024,Daerah Istimewa Yogyakarta,0.15983191953050613,0.2786482336851914,0.2838244101109595,0.27769543667334295,2
2024,Gorontalo,0.35254609495379213,0.21738281137209287,0.2116512092031165,0.21841988447099844,0
2024,Jambi,0.0830810567578952,0.30173820464651935,0.31606545120785356,0.2991152873877319,2
2024,Jawa Barat,0.13617048033975976,0.2867507003045803,0.2912198570446157,0.2858589623110443,2
2024,Jawa Tengah,0.0897687128119971,0.30159237965796,0.30849807664491957,0.3001408308851234,2
2024,Jawa Timur,0.06282378712155384,0.30426340077032743,0.3335767771982662,0.2993360349098525,2
2024,Kalimantan Barat,0.1507127630787403,0.2818296118319749,0.2864985706668398,0.280959054422445,2
2024,Kalimantan Selatan,0.10201716657528075,0.2947217292596546,0.3114064753961448,0.2918546287689198,2
2024,Kalimantan Tengah,0.21645731147064243,0.26450314438191574,0.2523978956022734,0.2666416485451685,3
2024,Kalimantan Timur,0.07233492381634635,0.301354402232442,0.3296440542480877,0.29666661970312397,2
2024,Kalimantan Utara,0.16544379156237796,0.2767437285824259,0.2820184680869594,0.2757940117682367,2
2024,Kepulauan Bangka Belitung,0.24418546962791068,0.25296396967763646,0.24924314987287563,0.25360741082157723,3
2024,Kepulauan Riau,0.09949550493373448,0.29667108708363715,0.30946537187754514,0.2943680361050832,2
2024,Lampung,0.13502548035011838,0.28819625546874267,0.28880676711083253,0.2879714970703064,2
2024,Maluku,0.3809941729406636,0.20764738399403096,0.2028344181629132,0.20852402490239222,0
2024,Maluku Utara,0.15079621393078213,0.2832948061614593,0.28258401862357363,0.2833249612841849,3
2024,Nusa Tenggara Barat,0.4041764404712172,0.20164918563751733,0.1904617908545264,0.2037125830367391,0
2024,Nusa Tenggara Timur,0.6285995299326946,0.12561346016013075,0.1189220542346461,0.12686495567252845,0
2024,Papua,0.3641197708140848,0.21396633798541023,0.20661608234675682,0.21529780885374813,0
2024,Papua Barat,0.3224747880337164,0.22684377566590241,0.22317992485025118,0.22750151145013003,0
2024,Papua Barat Daya,0.5130422561718071,0.16414560458843577,0.1574262816832511,0.1653858575565061,0
2024,Papua Pegunungan,0.32714276957564725,0.22515897902216314,0.22196062177975195,0.22573762962243757,0
2024,Papua Selatan,0.32376427712692724,0.22663744114967646,0.22215452279355694,0.22744375892983942,0
2024,Papua Tengah,0.2687600802173233,0.24444870821736797,0.2418917871068467,0.24489942445846208,0
2024,Riau,0.18965430083847462,0.2702381865706817,0.2698450282169822,0.27026248437386147,3
2024,Sulawesi Barat,0.11006739068801338,0.2979683987224579,0.29343944952793355,0.29852476106159515,3
2024,Sulawesi Selatan,0.051577480872514556,0.3139903319533871,0.32244436287783085,0.31198782429626754,2
2024,Sulawesi Tengah,0.430495971783438,0.19172326410775162,0.18478901268189826,0.1929917514269121,0
2024,Sulawesi Tenggara,0.13214110227657014,0.28760787211529926,0.29379995449011875,0.2864510711180119,2
2024,Sulawesi Utara,0.24671045917527598,0.2535154015121417,0.2447016755326414,0.25507246377994097,3
2024,Sumatera Barat,0.08876333926150595,0.30057601722123317,0.3122437815954696,0.29841686192179134,2
2024,Sumatera Selatan,0.16783907748938182,0.28144787484238676,0.26666728903969217,0.2840457586285393,3
2024,Sumatera Utara,0.14432831560417275,0.285419231070271,0.2848340195074503,0.2854184338181059,1
2025,Aceh,0.41246827903860145,0.19908135807931965,0.18714539679133055,0.20130496609074836,0
2025,Bali,0.24125169828075313,0.2536793063419619,0.25091698398620554,0.2541520113910795,3
2025,Banten,0.2787167272936957,0.24104904435208263,0.23878821588204321,0.24144601247217842,0
2025,Bengkulu,0.2462431283766335,0.2518532005379144,0.24968224838268824,0.2522214227027639,3
2025,DKI Jakarta,0.21416592100474718,0.261541351688797,0.26302945503728714,0.2612632722691687,2
2025,Daerah Istimewa Yogyakarta,0.15341916563164512,0.28068339824006955,0.28623229450636317,0.27966514162192213,2
2025,Gorontalo,0.2434685745610244,0.25390300242966624,0.24762567985189243,0.25500274315741683,3
2025,Jambi,0.15138779138111277,0.28579243031559015,0.2752699724552813,0.28754980584801576,3
2025,Jawa Barat,0.13595692587504804,0.28698464151301384,0.290867047187058,0.2861913854248801,2
2025,Jawa Tengah,0.13940557738021017,0.28419041480113094,0.29392437026653934,0.2824796375521196,2
2025,Jawa Timur,0.07244581467097544,0.3008609309227849,0.3307318692370741,0.2959613851691656,2
2025,Kalimantan Barat,0.16013604288892067,0.2798685318899334,0.2802828974578679,0.2797125277632781,2
2025,Kalimantan Selatan,0.06984918092033396,0.302392386811255,0.3299748153791465,0.2977836168892645,2
2025,Kalimantan Tengah,0.07480550010914942,0.3090534478174732,0.3071891749640856,0.3089518771092917,1
2025,Kalimantan Timur,0.0671576704272473,0.302192853603241,0.33360130920609127,0.2970481667634205,2
2025,Kalimantan Utara,0.1432334792888122,0.2831723673460971,0.291965374745848,0.2816287786192427,2
2025,Kepulauan Bangka Belitung,0.13030821493726488,0.2871499392027712,0.29715012009777303,0.28539172576219096,2
2025,Kepulauan Riau,0.13741977919029896,0.28700402791805824,0.2890222453837908,0.286553947507852,2
2025,Lampung,0.21847929942523608,0.2603093466952261,0.26104991839594377,0.26016143548359405,2
2025,Maluku,0.5837476203703771,0.14058167024557502,0.1338378596143026,0.14183284976974528,0
2025,Maluku Utara,0.15079621393078213,0.2832948061614593,0.28258401862357363,0.2833249612841849,3
2025,Nusa Tenggara Barat,0.28027632561595667,0.24191545094452915,0.23460447425733202,0.24320374918218213,0
2025,Nusa Tenggara Timur,0.6529604668624555,0.1181021652012722,0.10912415212656616,0.11981321580970626,0
2025,Papua,0.490335303011625,0.17200580902712315,0.16421443994722362,0.17344444801402822,0
2025,Papua Barat,0.32085120047179677,0.2273667784263667,0.2237693130146057,0.22801270808723084,0
2025,Papua Barat Daya,0.17263449395445418,0.2748481237107933,0.2783205952879971,0.27419678704675543,2
2025,Papua Pegunungan,0.32714276957564725,0.22515897902216314,0.22196062177975195,0.22573762962243757,0
2025,Papua Selatan,0.34562790834123364,0.21987089471654228,0.2134738083155375,0.22102738862668656,0
2025,Papua Tengah,0.2687600802173233,0.24444870821736797,0.2418917871068467,0.24489942445846208,0
2025,Riau,0.1450025745843504,0.28385050531981915,0.28811901334320966,0.28302790675262074,2
2025,Sulawesi Barat,0.16888683131578963,0.2766440121538539,0.2781589891074845,0.2763101674228719,2
2025,Sulawesi Selatan,0.05360843906487449,0.320413344116456,0.3030855545506555,0.32289266226801405,3
2025,Sulawesi Tengah,0.31717827772471713,0.22877474082840524,0.22450527298164263,0.22954170846523503,0
2025,Sulawesi Tenggara,0.14188617489060942,0.2847487846026249,0.28952376611945085,0.2838412743873148,2
2025,Sulawesi Utara,0.14263103985807088,0.28603488028946533,0.28527926627869366,0.28605481357377016,3
2025,Sumatera Barat,0.09871654463855503,0.2964572073754513,0.31090791010461033,0.2939183378813834,2
2025,Sumatera Selatan,0.16659537981618777,0.27651740042464507,0.28121637895073404,0.27567084080843307,2
2025,Sumatera Utara,0.11321943189860277,0.294575836369295,0.29845384047303847,0.29375089125906373,2
