Tahun,Provinsi,u_cluster_0,u_cluster_1,u_cluster_2,u_cluster_3,label
2019,Aceh,0.17954447898290235,0.1944538464221189,0.4319428204778067,0.1940588541171721,2
2019,Bali,0.24386101655589354,0.25376822617215766,0.24883635554285932,0.2535344017290895,1
2019,Banten,0.2532998104291961,0.2546458372754422,0.23743021996224212,0.25462413233311953,1
2019,Bengkulu,0.25605258267333014,0.26233523958185856,0.21941143915741845,0.26220073858739285,1
2019,DKI Jakarta,0.2572086430061255,0.2565065730354102,0.2297535045537583,0.256531279404706,0
2019,Daerah Istimewa Yogyakarta,0.29840280394602164,0.2766505733384826,0.14776341833290133,0.2771832043825945,0
2019,Gorontalo,0.28471386494033774,0.2884468003985171,0.13840264740902428,0.2884366872521208,1
2019,Jambi,0.21416793663975325,0.2339590223030562,0.3184169524568611,0.23345608860032943,2
2019,Jawa Barat,0.2711269752245048,0.26744878272898004,0.19385782688702713,0.26756641515948804,0
2019,Jawa Tengah,0.3372652629085275,0.28350163752401397,0.09453298167344125,0.28470011789401717,0
2019,Jawa Timur,0.3406318478485597,0.2826103203207482,0.09288392935798905,0.28387390247270305,0
2019,Kalimantan Barat,0.2844696453055726,0.2909925763254754,0.13359336693081209,0.29094441143813987,1
2019,Kalimantan Selatan,0.335122716868054,0.2825965557844134,0.09852777030785352,0.2837529570396792,0
2019,Kalimantan Tengah,0.34244787654657705,0.2898442976487151,0.07661764298312042,0.2910901828215874,0
2019,Kalimantan Timur,0.33542455891941936,0.28670116915676563,0.09003892261965943,0.2878353493041555,0
2019,Kalimantan Utara,0.2991842836374213,0.2788301143913081,0.14265016302166386,0.2793354389496068,0
2019,Kepulauan Bangka Belitung,0.2028986664671138,0.21643017370284123,0.3645921309534166,0.21607902887662842,2
2019,Kepulauan Riau,0.26321720405548066,0.29637553204781464,0.14478184055057405,0.2956254233461306,1
2019,Lampung,0.267268532248318,0.2668273569963291,0.19903918517078448,0.2668649255845684,0
2019,Maluku,0.24752404511090786,0.28310651619514654,0.1871477499676113,0.28222168872633424,1
2019,Maluku Utara,0.26001706021087007,0.2661896390528877,0.20772665918314667,0.2660666415530955,1
2019,Nusa Tenggara Barat,0.27216076145499707,0.26901907929772817,0.18969638120414503,0.2691237780431297,0
2019,Nusa Tenggara Timur,0.09766044590496074,0.1170606348068815,0.668772083700244,0.11650683558791375,2
2019,Papua,0.22783339478878756,0.23697508745143428,0.2984448877498437,0.23674663000993443,2
2019,Papua Barat,0.23973433060245894,0.24475620679402027,0.27087667516431463,0.24463278743920613,2
2019,Riau,0.23203872635216724,0.2449605192820675,0.27835345095092673,0.24464730341483854,2
2019,Sulawesi Barat,0.28955901862309436,0.27367122032446306,0.16270139894308994,0.2740683621093526,0
2019,Sulawesi Selatan,0.3257177652711906,0.30459612873690517,0.06431608009749117,0.30537002589441303,0
2019,Sulawesi Tengah,0.2027371093401905,0.22419817552814628,0.34942715455114054,0.2236375605805227,2
2019,Sulawesi Tenggara,0.2684162066065725,0.2751374626449439,0.18143069540086268,0.2750156353476209,1
2019,Sulawesi Utara,0.28667142947757146,0.2799387796263808,0.15323528395444513,0.2801545069416025,0
2019,Sumatera Barat,0.33870758748208646,0.2881289867936405,0.08385671284664277,0.28930671287763027,0
2019,Sumatera Selatan,0.2846374849312242,0.2735726707001686,0.1679223921227301,0.27386745224587705,0
2019,Sumatera Utara,0.25135865658144424,0.26883777746522536,0.21136961197072832,0.2684339539826021,1
2020,Aceh,0.20211718118156352,0.21352066725226576,0.3711400231241715,0.21322212844199928,2
2020,Bali,0.23639049291098524,0.24453744912951,0.27473483583020164,0.2443372221293031,2
2020,Banten,0.2581773094713904,0.25777632438674813,0.22624737511611348,0.25779899102574805,0
2020,Bengkulu,0.3329190731071326,0.28727960932232793,0.09145269093831794,0.2883486266322215,0
2020,DKI Jakarta,0.2595083091264993,0.2577545006354078,0.22493037672540167,0.2578068135126913,0
2020,Daerah Istimewa Yogyakarta,0.30871175084012614,0.27844494908877354,0.13368826481440646,0.2791550352566939,0
2020,Gorontalo,0.33859978154469184,0.28501999769288106,0.09016714722966494,0.28621307353276226,0
2020,Jambi,0.1786005673575211,0.2011496536243617,0.41970239366846473,0.2005473853496524,2
2020,Jawa Barat,0.3016944355750616,0.2840364628689284,0.12974771539463548,0.2845213861613744,0
2020,Jawa Tengah,0.32749825863828896,0.2958167920795108,0.0799691754930418,0.2967157737891584,0
2020,Jawa Timur,0.3351055822537364,0.28228673813542116,0.09915835798705407,0.28344932162378844,0
2020,Kalimantan Barat,0.3315780472608086,0.28848590508255934,0.09041445078498017,0.2895215968716518,0
2020,Kalimantan Selatan,0.3331989317472711,0.2824510536926575,0.10077759878567266,0.2835724157743987,0
2020,Kalimantan Tengah,0.33192364556953496,0.29606089917357603,0.07498627856586292,0.29702917669102613,0
2020,Kalimantan Timur,0.33950802435285515,0.2834996972854972,0.09225795855947495,0.28473431980217273,0
2020,Kalimantan Utara,0.2977483312995202,0.28000951700431304,0.14177348004044737,0.28046867165571937,0
2020,Kepulauan Bangka Belitung,0.2669001459293734,0.2767686710429835,0.1797535418153082,0.2765776412123349,1
2020,Kepulauan Riau,0.27921027323878994,0.2839330236199608,0.15296060416259075,0.2838960989786585,1
2020,Lampung,0.24670062026803982,0.279762298750449,0.19459271512693826,0.27894436585457294,1
2020,Maluku,0.17387709083910846,0.18922085819604886,0.44808878408447744,0.18881326688036515,2
2020,Maluku Utara,0.2870697455182315,0.28073438568557463,0.1512566853193046,0.2809391834768891,0
2020,Nusa Tenggara Barat,0.21017976113683434,0.22450898460817853,0.3411680126740541,0.2241432415809331,2
2020,Nusa Tenggara Timur,0.1537152205937261,0.19152008649071278,0.46433376101624024,0.1904309318993208,2
2020,Papua,0.17913213972087103,0.19599435990266384,0.42932620901754026,0.19554729135892487,2
2020,Papua Barat,0.2395737080180933,0.2453461008231981,0.2698746399453219,0.24520555121338672,2
2020,Riau,0.2064955446888264,0.217682449710841,0.3584295287571046,0.217392476843228,2
2020,Sulawesi Barat,0.24943201899739081,0.2550718830901177,0.24054782855963372,0.25494826935285786,1
2020,Sulawesi Selatan,0.3163828624183631,0.30626090951650936,0.07058551990661141,0.30677070815851615,0
2020,Sulawesi Tengah,0.2995330667335307,0.28007669170365823,0.13981704291463004,0.28057319864818103,0
2020,Sulawesi Tenggara,0.3277024201638267,0.2932697961754653,0.08485837824057087,0.2941694054201372,0
2020,Sulawesi Utara,0.2573039889644537,0.2560444593927565,0.23056968084824098,0.2560818707945488,0
2020,Sumatera Barat,0.34964453565308456,0.2879710466399936,0.07302334975281119,0.2893610679541107,0
2020,Sumatera Selatan,0.3366991723397313,0.28661849413580415,0.08890460291099644,0.2877777306134682,0
2020,Sumatera Utara,0.3191812061364985,0.2911516503768181,0.09777612036521459,0.2918910231214688,0
2021,Aceh,0.14548546680751068,0.16219643947526038,0.5305749292417118,0.16174316447551712,2
2021,Bali,0.2387333572749286,0.2482743768504607,0.2649487210638682,0.24804354481074253,2
2021,Banten,0.2657013910461166,0.2643983850734096,0.20544464272007948,0.26445558116039425,0
2021,Bengkulu,0.2705138873196672,0.26865653620982893,0.1921043092615335,0.26872526720897044,0
2021,DKI Jakarta,0.2653937965104132,0.2613985600865135,0.211698865161299,0.26150877824177426,0
2021,Daerah Istimewa Yogyakarta,0.2796105633815104,0.2696638504008528,0.1808032178835326,0.2699223683341042,0
2021,Gorontalo,0.2300142000991893,0.23602892269181747,0.2980814753407633,0.23587540186822994,2
2021,Jambi,0.2657687376268168,0.26586033258594527,0.20248542328895308,0.2658855064982848,3
2021,Jawa Barat,0.2924560899345371,0.2803377160444905,0.1465175246027082,0.2806886694182642,0
2021,Jawa Tengah,0.31480051220999594,0.29748961830330645,0.08962904492463167,0.2980808245620659,0
2021,Jawa Timur,0.3367134914005284,0.28531062193520756,0.09149561847216506,0.28648026819209893,0
2021,Kalimantan Barat,0.3185073037077887,0.28450756555998014,0.1116597245278818,0.2853254062043494,0
2021,Kalimantan Selatan,0.34161880314456017,0.2830389567214376,0.09102943757622894,0.2843128025577732,0
2021,Kalimantan Tengah,0.24104214528375953,0.26871213470894684,0.22221760258938417,0.2680281174179095,1
2021,Kalimantan Timur,0.3610726517902349,0.28364745195271557,0.06999740576862741,0.28528249048842214,0
2021,Kalimantan Utara,0.2873187187092213,0.27269461109910975,0.16692877551948618,0.2730578946721828,0
2021,Kepulauan Bangka Belitung,0.23036022373957435,0.24641893509877807,0.2771996001119122,0.2460212410497354,2
2021,Kepulauan Riau,0.22913441437202586,0.24101061809635124,0.28913578298159326,0.2407191845500297,2
2021,Lampung,0.25057923438031093,0.29163162707624124,0.16716451346282651,0.29062462508062137,1
2021,Maluku,0.15648882060167538,0.17244773375488195,0.4990465326916039,0.17201691295183882,2
2021,Maluku Utara,0.24517444148885847,0.2543195316080173,0.24640214488989612,0.25410388201322814,1
2021,Nusa Tenggara Barat,0.22869326963733558,0.24531989972033877,0.2810733623201206,0.24491346832220504,2
2021,Nusa Tenggara Timur,0.21740151764251606,0.2414402445491172,0.30032877374087585,0.2408294640674909,2
2021,Papua,0.20368456176753189,0.24336559296646462,0.31067194110194657,0.24227790416405692,2
2021,Papua Barat,0.21170985874842924,0.22180697074704608,0.34493707957728664,0.221546090927238,2
2021,Riau,0.3148537075698507,0.2830843201252198,0.11821703589292101,0.2838449364120084,0
2021,Sulawesi Barat,0.2792396061067879,0.27570017983185174,0.1692249451894827,0.27583526887187776,0
2021,Sulawesi Selatan,0.3065854909817395,0.3030724391207199,0.08697693129124248,0.30336513860629816,0
2021,Sulawesi Tengah,0.20979746381225628,0.22432827759066531,0.3419176159391232,0.22395664265795528,2
2021,Sulawesi Tenggara,0.3104995709179782,0.2867455175408899,0.11538920646138691,0.287365705079745,0
2021,Sulawesi Utara,0.28513566452893946,0.2955678050282071,0.12384713801349023,0.2954493924293632,1
2021,Sumatera Barat,0.3365238028708204,0.28656184436526116,0.08921207439035157,0.2877022783735668,0
2021,Sumatera Selatan,0.35921802873538516,0.2859414581587155,0.06729480731754887,0.2875457057883505,0
2021,Sumatera Utara,0.1686312962895929,0.18854293154256133,0.45481538647527425,0.1880103856925715,2
2022,Aceh,0.1276137487815093,0.15250418004356,0.5680836796248354,0.15179839155009528,2
2022,Bali,0.24805125897148436,0.2544940125158802,0.24311001208422361,0.25434471642841183,1
2022,Banten,0.26705827218442046,0.2662529876727975,0.20038503713487335,0.26630370300790873,0
2022,Bengkulu,0.2941458846294585,0.2760100048931093,0.1533839544772048,0.2764601560002274,0
2022,DKI Jakarta,0.25675707273607973,0.26416512769069916,0.21507102107287124,0.26400677850034987,1
2022,Daerah Istimewa Yogyakarta,0.30470413288602516,0.2807063425523728,0.13329014616157128,0.2812993784000308,0
2022,Gorontalo,0.22048943543094118,0.23995113540337248,0.30010398931187177,0.23945543985381454,2
2022,Jambi,0.24599880250439618,0.2638298319546967,0.22676660864579068,0.26340475689511644,1
2022,Jawa Barat,0.28037459641176093,0.2762330777394608,0.16700208055761379,0.2763902452911644,0
2022,Jawa Tengah,0.3118887075337474,0.2985880939589421,0.09041819369873448,0.29910500480857605,0
2022,Jawa Timur,0.3434639936523979,0.2868819627460591,0.08147759419907209,0.2881764494024709,0
2022,Kalimantan Barat,0.2877540367105258,0.284886610119323,0.14232727808424694,0.2850320750859044,0
2022,Kalimantan Selatan,0.3437000096847486,0.285334758406197,0.08433325219964331,0.2866319797094111,0
2022,Kalimantan Tengah,0.24542546689888922,0.27124550118306245,0.21271209969500157,0.2706169322230467,1
2022,Kalimantan Timur,0.3444735655245669,0.2833548404383401,0.0874915361343742,0.2846800579027188,0
2022,Kalimantan Utara,0.28732654905883304,0.27269845360000167,0.16691316065957998,0.2730618366815854,0
2022,Kepulauan Bangka Belitung,0.2737771735124837,0.2819835178292641,0.16239540262398253,0.2818439060342696,1
2022,Kepulauan Riau,0.2552869132028447,0.2591593362342345,0.22647252427429096,0.2590812262886299,1
2022,Lampung,0.33460094078888575,0.2853478385883348,0.09358290695089866,0.2864683136718808,0
2022,Maluku,0.30202258879757915,0.28571608691828526,0.12610255848194946,0.28615876580218613,0
2022,Maluku Utara,0.2185200433337871,0.2278126048730669,0.3260921756434778,0.22757517614966827,2
2022,Nusa Tenggara Barat,0.21638116490329712,0.2373563029890147,0.30943464188059766,0.2368278902270905,2
2022,Nusa Tenggara Timur,0.176589910380923,0.20119360072963516,0.42168770389658666,0.2005287849928552,2
2022,Papua,0.21432510922468553,0.22372616655237243,0.338465643097148,0.22348308112579407,2
2022,Papua Barat,0.21365136773428214,0.22300560212894707,0.34057996628762477,0.22276306384914604,2
2022,Papua Barat Daya,0.1517550865340911,0.1683688197914499,0.5119559182998059,0.16792017537465315,2
2022,Papua Pegunungan,0.21914650214291806,0.22708831193317766,0.3268827702988039,0.22688241562510042,2
2022,Papua Selatan,0.23745526130279246,0.25388913977583366,0.2551694591003461,0.25348613982102775,2
2022,Papua Tengah,0.23954784954960895,0.2459284649274059,0.26875195158531673,0.2457717339376684,2
2022,Riau,0.24224402204731516,0.2654917204290237,0.22733508604259692,0.26492917148106426,1
2022,Sulawesi Barat,0.2792396061067879,0.27570017983185174,0.1692249451894827,0.27583526887187776,0
2022,Sulawesi Selatan,0.3333961302228487,0.2963136516120273,0.07297188005071875,0.2973183381144052,0
2022,Sulawesi Tengah,0.17542138576009023,0.196740631477372,0.4316669433539034,0.1961710394086344,2
2022,Sulawesi Tenggara,0.32169083520332564,0.2906562052735443,0.0961943618124117,0.2914585977107183,0
2022,Sulawesi Utara,0.28292907211660934,0.29445016315711964,0.12833568751799693,0.2942850772082741,1
2022,Sumatera Barat,0.3528180741006781,0.2859057932207885,0.0739076928505072,0.2873684398280261,0
2022,Sumatera Selatan,0.35325562439849445,0.28435524336873663,0.07654924072907872,0.28583989150369027,0
2022,Sumatera Utara,0.259805976135865,0.28659574000279875,0.16760711548698054,0.2859911683743557,1
2023,Aceh,0.10934547966568271,0.12989649447379134,0.6314442049704001,0.1293138208901258,2
2023,Bali,0.25360514603858797,0.2587875969953439,0.22893357124476157,0.25867368572130656,1
2023,Banten,0.2720180167553906,0.2663962127095814,0.19503078019794456,0.2665549903370834,0
2023,Bengkulu,0.31891965651845616,0.2812051328280014,0.1177994809444456,0.2820757297090968,0
2023,DKI Jakarta,0.26539725666557334,0.2614009300052012,0.21169063608604685,0.26151117724317857,0
2023,Daerah Istimewa Yogyakarta,0.2881851011714166,0.2746371909276984,0.16218708354139452,0.27499062435949057,0
2023,Gorontalo,0.22440197842999476,0.2381974447779938,0.2995488201960189,0.23785175659599253,2
2023,Jambi,0.2890866236549896,0.2796507797745407,0.15133186241546331,0.27993073415500636,0
2023,Jawa Barat,0.2783651980720358,0.27393593473676897,0.17360729777964362,0.2740915694115516,0
2023,Jawa Tengah,0.31015922052496636,0.30107565456493574,0.08724452589833329,0.3015205990117646,0
2023,Jawa Timur,0.3479465226750778,0.2852028584891163,0.08025820725227405,0.2865924115835319,0
2023,Kalimantan Barat,0.2918267197301894,0.2820498625346775,0.1437842564811352,0.28233916125399783,0
2023,Kalimantan Selatan,0.33800797798205723,0.28289285829237537,0.09499587622916689,0.28410328749640046,0
2023,Kalimantan Tengah,0.2651833929066265,0.3123434166268941,0.11122795791800148,0.311245232548478,1
2023,Kalimantan Timur,0.3393241655673944,0.28301908036516504,0.09340356582347673,0.28425318824396384,0
2023,Kalimantan Utara,0.2861410872727415,0.2732937097892207,0.16694193171135832,0.2736232712266795,0
2023,Kepulauan Bangka Belitung,0.2620048694577484,0.3099049470162343,0.11930753192026702,0.30878265160575036,1
2023,Kepulauan Riau,0.3038395450668082,0.2973997324659318,0.10104112283536305,0.29771959963189704,0
2023,Lampung,0.3433981730763387,0.2925595828715386,0.07023661657411787,0.29380562747800487,0
2023,Maluku,0.23372821474158506,0.24801485247410474,0.2705911966337786,0.24766573615053158,2
2023,Maluku Utara,0.2815180001973716,0.2836153639895646,0.15123404688653555,0.2836325889265282,3
2023,Nusa Tenggara Barat,0.25459991875641247,0.2621557561260706,0.22124118135859122,0.26200314375892575,1
2023,Nusa Tenggara Timur,0.07199021059976633,0.08553066205975234,0.7573340917995591,0.08514503554092216,2
2023,Papua,0.1774812137721884,0.19246111387185627,0.437994170696157,0.1920635016597984,2
2023,Papua Barat,0.19321843227623603,0.2055475993446504,0.3960103574208028,0.20522361095831076,2
2023,Papua Barat Daya,0.18252917388687806,0.19672998971515557,0.4243873458038943,0.19635349059407206,2
2023,Papua Pegunungan,0.21914650214291806,0.22708831193317766,0.3268827702988039,0.22688241562510042,2
2023,Papua Selatan,0.20365319058513412,0.21551198116039125,0.36563223842160925,0.21520258983286533,2
2023,Papua Tengah,0.23954784954960895,0.2459284649274059,0.26875195158531673,0.2457717339376684,2
2023,Riau,0.19714101654974656,0.22090547563628946,0.3616775791796067,0.22027592863435738,2
2023,Sulawesi Barat,0.27923960610678794,0.27570017983185174,0.16922494518948267,0.27583526887187776,0
2023,Sulawesi Selatan,0.3260046296597355,0.30856669083281835,0.05609706707347969,0.3093316124339665,0
2023,Sulawesi Tengah,0.2159617028609318,0.2306528735986564,0.3231036957132577,0.2302817278271541,2
2023,Sulawesi Tenggara,0.3211564018216254,0.2950752286944656,0.08796401760904703,0.2958043518748619,0
2023,Sulawesi Utara,0.2638918746541692,0.28088420678598186,0.17470116808430722,0.28052275047554176,1
2023,Sumatera Barat,0.35794882409070017,0.28577130948832913,0.06893950109613747,0.28734036532483326,0
2023,Sumatera Selatan,0.3251620532120163,0.28588792151943426,0.10212962799196809,0.2868203972765812,0
2023,Sumatera Utara,0.18733880131835304,0.21011963068186026,0.39302833789410335,0.20951323010568335,2
2024,Aceh,0.12052305074883572,0.14045619949469776,0.5991209581576805,0.13989979159878604,2
2024,Bali,0.2527157308936972,0.2586243771141943,0.23016592178250828,0.25849397020960024,1
2024,Banten,0.27555597568238294,0.2684168781213378,0.18741349973671118,0.2686136464595681,0
2024,Bengkulu,0.3140454610559592,0.2792868137759127,0.12658343492136706,0.28008429024676107,0
2024,DKI Jakarta,0.26525741259793745,0.261305076373558,0.2120233611865844,0.2614141498419202,0
2024,Daerah Istimewa Yogyakarta,0.28836935183143214,0.27560278934512206,0.16008239350475706,0.2759454653186887,0
2024,Gorontalo,0.20656751621644276,0.22078508336889435,0.35223092732279354,0.22041647309186935,2
2024,Jambi,0.3287065262993263,0.2934679187028363,0.08342143712352829,0.2944041178743092,0
2024,Jawa Barat,0.2948722399951136,0.2841173660101487,0.13655400685713778,0.28445638713759996,0
2024,Jawa Tengah,0.3139107156137171,0.2976242665017399,0.09027219482980406,0.29819282305473904,0
2024,Jawa Timur,0.3611299852296134,0.2872311136824483,0.06276350874983881,0.28887539233809945,0
2024,Kalimantan Barat,0.2905209942200536,0.2790597990590353,0.15104357168772292,0.2793756350331882,0
2024,Kalimantan Selatan,0.3268936518771519,0.28500039682454065,0.10212929798676397,0.2859766533115434,0
2024,Kalimantan Tengah,0.24130880589827094,0.2713845139640292,0.21666385417154926,0.2706428259661505,1
2024,Kalimantan Timur,0.3565890962117232,0.28484184701214915,0.07217899367907839,0.2863900630970493,0
2024,Kalimantan Utara,0.28672025280684804,0.2736331954905173,0.16567734095464526,0.27396921074798947,0
2024,Kepulauan Bangka Belitung,0.24573840293067392,0.2550616113194121,0.24435832466635926,0.2548416610835547,1
2024,Kepulauan Riau,0.32089031774989873,0.28923862738169803,0.09982020671246719,0.290050848155936,0
2024,Lampung,0.2888770966552206,0.2877620860628429,0.1354867981120669,0.2878740191698696,0
2024,Maluku,0.19864866700095019,0.2105795880411668,0.38050573480455324,0.2102660101533297,2
2024,Maluku Utara,0.2815180001973716,0.28361536398956455,0.15123404688653558,0.2836325889265282,3
2024,Nusa Tenggara Barat,0.1806118474213282,0.2081893847937458,0.40375280622313064,0.20744596156179537,2
2024,Nusa Tenggara Timur,0.11344521118713809,0.12995786685790775,0.6270970131100663,0.129499908844888,2
2024,Papua,0.20005965969150943,0.21828218629011384,0.36384962217540767,0.21780853184296908,2
2024,Papua Barat,0.21990964274231412,0.2290228788017152,0.3222771301332318,0.22879034832273892,2
2024,Papua Barat Daya,0.1517550865340911,0.1683688197914499,0.5119559182998059,0.16792017537465315,2
2024,Papua Pegunungan,0.21914650214291806,0.22708831193317766,0.3268827702988039,0.22688241562510042,2
2024,Papua Selatan,0.21814591073044992,0.22928620781606357,0.323567049422758,0.22900083203072852,2
2024,Papua Tengah,0.23954784954960895,0.2459284649274059,0.26875195158531673,0.2457717339376684,2
2024,Riau,0.26925593098044326,0.27039299364727154,0.1899534017771831,0.27039767359510214,3
2024,Sulawesi Barat,0.2884476881867802,0.30050825714873225,0.11065760716220037,0.3003864475022872,1
2024,Sulawesi Selatan,0.328304724991428,0.3093384752163559,0.05218446055394462,0.31017233923827153,0
2024,Sulawesi Tengah,0.17876740845790393,0.19593085964775578,0.4298259177722965,0.19547581412204373,2
2024,Sulawesi Tenggara,0.2991543190810521,0.2839605054015443,0.13250415911297025,0.2843810164044333,0
2024,Sulawesi Utara,0.23658037886267796,0.2585137813025505,0.2469330296023972,0.2579728102323744,1
2024,Sumatera Barat,0.32245077443079456,0.29381501636459845,0.08914170656281321,0.2945925026417938,0
2024,Sumatera Selatan,0.25312318057989347,0.2898194842812099,0.1681323940873194,0.2889249410515773,1
2024,Sumatera Utara,0.28387067487467665,0.2856749785005725,0.14474848343799643,0.28570586318675434,3
2025,Aceh,0.17673527668330705,0.2060925211338733,0.411887191281088,0.2052850109017316,2
2025,Bali,0.2483040391149039,0.2552415563139684,0.2413729832456181,0.25508142132550965,1
2025,Banten,0.23672156176315634,0.24237368989826544,0.2786688311783634,0.2422359171602149,2
2025,Bengkulu,0.24760795080267098,0.25307794476831785,0.24636016541097894,0.2529539390180322,1
2025,DKI Jakarta,0.2643041050097179,0.2606477362002285,0.21429926224280782,0.26074889654724576,0
2025,Daerah Istimewa Yogyakarta,0.2911133074590616,0.27741743584541845,0.15368649067253337,0.2777827660229865,0
2025,Gorontalo,0.24180885803805313,0.257471916461275,0.24362707193372818,0.2570921535669437,1
2025,Jambi,0.2652941727987252,0.29173193575275813,0.1518201706927915,0.29115372075572515,1
2025,Jawa Barat,0.2939622296850324,0.28468680449939454,0.13635793229770304,0.2849930335178701,0
2025,Jawa Tengah,0.30282094307116153,0.2785051090596323,0.1395750727786763,0.27909887509052983,0
2025,Jawa Timur,0.35939606070695373,0.2833931837095339,0.0722130599103001,0.28499769567321226,0
2025,Kalimantan Barat,0.28027498899534686,0.2795456897084467,0.16055593887763925,0.2796233824185672,0
2025,Kalimantan Selatan,0.3560272776137028,0.28632779355576227,0.06978573248738877,0.2878591963431462,0
2025,Kalimantan Tengah,0.30405804323127184,0.31015761671102104,0.07546705557617299,0.3103172844815342,3
2025,Kalimantan Timur,0.36373785389324625,0.2838270921270818,0.06692575413451912,0.28550929984515283,0
2025,Kalimantan Utara,0.3000084706511806,0.2780270110898247,0.1434019686171047,0.2785625496418901,0
2025,Kepulauan Bangka Belitung,0.30627904703284553,0.28129803924669206,0.1305142411755644,0.2819086725448981,0
2025,Kepulauan Riau,0.2904228453296531,0.28574557777694015,0.1379030052049634,0.28592857168844327,0
2025,Lampung,0.26163334399264765,0.2598468336520479,0.21861658899594358,0.2599032333593609,0
2025,Maluku,0.12824903104063862,0.144914758212669,0.5823762113808221,0.14445999936587034,2
2025,Maluku Utara,0.2815180001973716,0.28361536398956455,0.15123404688653558,0.2836325889265282,3
2025,Nusa Tenggara Barat,0.22787174795447368,0.2460947314198087,0.28038615463987543,0.2456473659858422,2
2025,Nusa Tenggara Timur,0.10156657188427755,0.12356606042372002,0.6519348868639973,0.12293248082800512,2
2025,Papua,0.1575491301657353,0.17679702751678106,0.48937692322406,0.17627691909342363,2
2025,Papua Barat,0.22055830438096286,0.22950588959595916,0.32065829702732107,0.22927750899575683,2
2025,Papua Barat Daya,0.2812957028400963,0.27277892464270775,0.17290890995874428,0.2730164625584516,0
2025,Papua Pegunungan,0.21914650214291806,0.22708831193317766,0.3268827702988039,0.22688241562510042,2
2025,Papua Selatan,0.20777190622352382,0.2236412972037087,0.3453562448449855,0.22323055172778195,2
2025,Papua Tengah,0.23954784954960895,0.2459284649274059,0.26875195158531673,0.2457717339376684,2
2025,Riau,0.2917011686731652,0.28131482015860204,0.14536336232573402,0.28162064884249877,0
2025,Sulawesi Barat,0.27923960610678794,0.27570017983185174,0.16922494518948267,0.27583526887187776,0
2025,Sulawesi Selatan,0.28600134513651493,0.3302484837154066,0.05416921468467912,0.3295809564633994,1
2025,Sulawesi Tengah,0.22068091887521094,0.23129233289016998,0.317005530311063,0.23102121792355607,2
2025,Sulawesi Tenggara,0.2935800398834904,0.2819165400894003,0.14225277536708367,0.2822506446600257,0
2025,Sulawesi Utara,0.28408249408742664,0.2863692976683326,0.1431533068277977,0.2863949014164431,3
2025,Sumatera Barat,0.3240784248799209,0.2880462882949526,0.0989494960687618,0.28892579075636476,0
2025,Sumatera Selatan,0.28539344576980935,0.27373347757225014,0.1668399515577437,0.2740331251001969,0
2025,Sumatera Utara,0.3014009991996105,0.2922738283785032,0.11372510967513533,0.292600062746751,0
