Tahun,Provinsi,u_cluster_0,u_cluster_1,u_cluster_2,u_cluster_3,label
2019,Aceh,0.19196688918192645,0.18571697943838225,0.1895827231962589,0.43273340818343237,3
2019,Bali,0.2522719543226305,0.24823478982817065,0.2507780083822557,0.24871524746694312,0
2019,Banten,0.2544453364686778,0.25394308418733613,0.25427632075846984,0.23733525858551627,0
2019,Bengkulu,0.2614032325538169,0.25890200641854566,0.26050050180162554,0.2191942592260119,0
2019,DKI Jakarta,0.25662878043313203,0.2569498019479852,0.25676106333504806,0.2296603542838347,1
2019,Daerah Istimewa Yogyakarta,0.28004711782471664,0.28898191093597,0.2833851108721778,0.14758586036713553,1
2019,Gorontalo,0.28787839045210817,0.2867054729415566,0.28757427368895205,0.13784186291738315,0
2019,Jambi,0.2309242724852567,0.22270113992052482,0.22782169755662884,0.31855289003758963,3
2019,Jawa Barat,0.2680287997975558,0.26966377377877054,0.2686851561589438,0.19362227026472992,1
2019,Jawa Tengah,0.2920080296182424,0.31353785865182776,0.29985597768838856,0.09459813404154128,1
2019,Jawa Timur,0.29184399016436396,0.3149195328326994,0.30020468690962343,0.09303179009331318,1
2019,Kalimantan Barat,0.28994104973906115,0.2877542704516444,0.28930851946440894,0.13299616034488548,0
2019,Kalimantan Selatan,0.29094044611719855,0.31189066572215435,0.29855234117819424,0.09861654698245294,1
2019,Kalimantan Tengah,0.2980325923173627,0.3195127616454662,0.30598617927988925,0.07646846675728183,1
2019,Kalimantan Timur,0.2943313895727508,0.3140956831815823,0.3016173827839566,0.08995554446171018,1
2019,Kalimantan Utara,0.2820083403322716,0.29040106751021644,0.2851551566749416,0.14243543548257034,1
2019,Kepulauan Bangka Belitung,0.21426132153268604,0.2086169876068813,0.21211998015172642,0.3650017107087063,3
2019,Kepulauan Riau,0.2913392517001885,0.2778749588366445,0.28640859845099054,0.14437719101217644,0
2019,Lampung,0.2669158906640248,0.2672141741126584,0.2670714549228749,0.1987984803004419,1
2019,Maluku,0.2778053592119864,0.2630345769938933,0.2722622518397247,0.18689781195439564,0
2019,Maluku Utara,0.26529035060414696,0.2628767616109069,0.2644349743252221,0.20739791345972408,0
2019,Nusa Tenggara Barat,0.2695264298714923,0.27094111710436264,0.27010074531455314,0.18943170770959203,1
2019,Nusa Tenggara Timur,0.11382255405991935,0.1055239985527805,0.11059295162870211,0.670060495758598,3
2019,Papua,0.23554197382810052,0.2317669816587041,0.23412406528348767,0.2985669792297076,3
2019,Papua Barat,0.2439730016494256,0.24190758532758116,0.24320054045609812,0.27091887256689506,3
2019,Riau,0.24298035818240227,0.23767981130756727,0.241005313894463,0.27833451661556746,3
2019,Sulawesi Barat,0.2761572209681537,0.28271898812233043,0.2786219894345656,0.16250180147495022,1
2019,Sulawesi Selatan,0.3074015738316282,0.31734248308079704,0.31154030837858376,0.06371563470899096,1
2019,Sulawesi Tengah,0.22089348953696936,0.21191194816458564,0.217479955954455,0.34971460634399004,3
2019,Sulawesi Tenggara,0.274146148813257,0.27156372581960936,0.2732515732899128,0.18103855207722092,0
2019,Sulawesi Utara,0.2810003070916307,0.2840084258696141,0.28220802203070233,0.15278324500805288,1
2019,Sumatera Barat,0.29604940973595323,0.316575368441266,0.3036165264457125,0.08375869537706825,1
2019,Sumatera Selatan,0.2752972438429366,0.2799502483201332,0.2770749835815924,0.1676775242553378,1
2019,Sumatera Utara,0.2662098118970358,0.2591121748470418,0.2635974964199115,0.21108051683601084,0
2020,Aceh,0.21165098581434894,0.20688573658409534,0.20983893833731365,0.3716243392642421,3
2020,Bali,0.24328557777345766,0.23993377201810553,0.24203210185123722,0.2747485483571996,3
2020,Banten,0.2578488858999677,0.25807078681113704,0.25795301382346486,0.22612731346543036,1
2020,Bengkulu,0.2944258947053927,0.31296352084517026,0.3012704935099589,0.09134009093947817,1
2020,DKI Jakarta,0.2580392844853854,0.2588018036541227,0.25833963167594004,0.22481928018455186,1
2020,Daerah Istimewa Yogyakarta,0.28319487457471193,0.2954771516974601,0.2877321211773905,0.1335958525504375,1
2020,Gorontalo,0.29351299600449,0.31496147256122725,0.3013287613845582,0.0901967700497246,1
2020,Jambi,0.1975907221089287,0.18810173917533948,0.1939629648376048,0.420344573878127,3
2020,Jawa Barat,0.28673210028739354,0.2942367380730107,0.2896227675471063,0.12940839409248944,1
2020,Jawa Tengah,0.3004945616126864,0.31416459793249213,0.305805566236902,0.07953527421791946,1
2020,Jawa Timur,0.2906736706060837,0.3117383678998808,0.29832681148805706,0.09926115000597845,1
2020,Kalimantan Barat,0.29519003577114616,0.3128493238328732,0.3017545405889954,0.09020609980698521,1
2020,Kalimantan Selatan,0.29050796364896986,0.3107740769603197,0.2978783452318093,0.1008396141589011,1
2020,Kalimantan Tengah,0.30144759251472425,0.3166840391651971,0.30728798266348784,0.07458038565659085,1
2020,Kalimantan Timur,0.2923883294796018,0.3147458510295128,0.3005142209617128,0.09235159852917256,1
2020,Kalimantan Utara,0.28275989479184727,0.290161946352976,0.2855662043372714,0.14151195451790527,1
2020,Kepulauan Bangka Belitung,0.275281746027903,0.27143628901942807,0.27392805053604985,0.1793539144166191,0
2020,Kepulauan Riau,0.28319465467144234,0.2815988851037328,0.2827283227343108,0.152478137490514,0
2020,Lampung,0.2748222594042832,0.2611231647986925,0.26968878011846215,0.19436579567856205,0
2020,Maluku,0.1866600048918606,0.1802245156620342,0.18420336965084222,0.44891210979526297,3
2020,Maluku Utara,0.2817237528280106,0.28455345031164786,0.28286284765132363,0.15085994920901788,1
2020,Nusa Tenggara Barat,0.22226425925496335,0.21631068974327383,0.22001552763636842,0.3414095233653943,3
2020,Nusa Tenggara Timur,0.18577740178790197,0.16950082084098708,0.17942687988985062,0.4652948974812603,3
2020,Papua,0.1932374592025878,0.18616425365038117,0.190538692450061,0.43005959469697,3
2020,Papua Barat,0.2444525920437542,0.24208451775629372,0.24356911502174275,0.26989377517820934,3
2020,Riau,0.21586464180109974,0.21120228211114167,0.214096466976876,0.35883660911088255,3
2020,Sulawesi Barat,0.2542231999037198,0.2519700527243167,0.2534053680980306,0.2404013792739329,0
2020,Sulawesi Selatan,0.3074100427671,0.3127980672530304,0.3098563721871024,0.06993551779276719,1
2020,Sulawesi Tengah,0.28310586179448677,0.2911997035457678,0.2861626757342433,0.1395317589255022,1
2020,Sulawesi Tenggara,0.2985145784800588,0.312972500982909,0.30400850644370775,0.08450441409332456,1
2020,Sulawesi Utara,0.2562536776378912,0.2568008980627899,0.2564689637625718,0.23047646053674706,1
2020,Sumatera Barat,0.2977005624014928,0.3225188985457799,0.30677236300331945,0.07300817604940782,1
2020,Sumatera Selatan,0.2944698365349858,0.3147492212707311,0.3019346481961907,0.08884629399809246,1
2020,Sumatera Utara,0.2954301529924583,0.30721662019746215,0.2999208046789379,0.09743242213114167,1
2021,Aceh,0.15930410937855846,0.1522595637841484,0.15659985497277426,0.531836471864519,3
2021,Bali,0.2468214990508932,0.24291050681945572,0.24536489927564167,0.26490309485400937,3
2021,Banten,0.26461214450590104,0.26526083674199336,0.26489630232892664,0.20523071642317894,1
2021,Bengkulu,0.26897744759375775,0.2698413785768167,0.2693384201041312,0.19184275372529433,1
2021,DKI Jakarta,0.26203330753927995,0.26373196596643655,0.26268846062640583,0.21154626586787764,1
2021,Daerah Istimewa Yogyakarta,0.2712284200855608,0.27538459445630825,0.2728058993749483,0.18058108608318263,1
2021,Gorontalo,0.23506884435873257,0.23257262810649446,0.2341260241795247,0.29823250335524826,3
2021,Jambi,0.2658632203460802,0.26594551379122033,0.26593909156353585,0.20225217429916365,1
2021,Jawa Barat,0.28218383556631893,0.2874180559317052,0.2842291111505908,0.14616899735138508,1
2021,Jawa Tengah,0.2999136559744667,0.30783555868204304,0.30315049285147644,0.08910029249201386,1
2021,Jawa Timur,0.29340521269929914,0.3141123800344752,0.3009934952446516,0.09148891202157407,1
2021,Kalimantan Barat,0.2898122141713041,0.30372031528634863,0.29498374878392847,0.1114837217584188,1
2021,Kalimantan Selatan,0.2923686515073775,0.3156576456895785,0.30080325543618913,0.09117044736685484,1
2021,Kalimantan Tengah,0.2645736339505116,0.2531277286194663,0.26028582191494776,0.22201281551507435,0
2021,Kalimantan Timur,0.2960621402377919,0.3266464732850861,0.3070552882509339,0.07023609822618801,1
2021,Kalimantan Utara,0.2749883971497738,0.28101726103343555,0.2772492745870401,0.16674506722975052,1
2021,Kepulauan Bangka Belitung,0.24400306535421631,0.23737573089910133,0.24151949554773808,0.2771017081989443,3
2021,Kepulauan Riau,0.23917916637592082,0.23429596872135877,0.23735379444615037,0.28917107045657003,3
2021,Lampung,0.285495463699046,0.268486230394212,0.27913495091466606,0.166883354992076,0
2021,Maluku,0.16970064819900252,0.16298077546818712,0.167124316043375,0.5001942602894354,3
2021,Maluku Utara,0.2529502610443519,0.2492256406952706,0.2515722915926008,0.24625180666777668,0
2021,Nusa Tenggara Barat,0.242807809036147,0.23596973245698485,0.24025419535395545,0.28096826315291273,3
2021,Nusa Tenggara Timur,0.23779099517830105,0.22779462562356245,0.2340195195600193,0.30039485963811724,3
2021,Papua,0.2374517711502411,0.22057833495834334,0.2309551961364868,0.31101469775492874,3
2021,Papua Barat,0.22017807819225207,0.21597377060565068,0.21858496799091195,0.3452631832111853,3
2021,Riau,0.28805958199144277,0.30104104446193286,0.2928804465710232,0.1180189269756012,1
2021,Sulawesi Barat,0.2762533841936038,0.27792813203241,0.2769590948052104,0.16885938896877578,1
2021,Sulawesi Selatan,0.3033514278106553,0.3057347830348498,0.30458338679237706,0.08633040236211786,1
2021,Sulawesi Tengah,0.22204740493935313,0.21600776917488118,0.2197649069238356,0.3421799189619301,3
2021,Sulawesi Tenggara,0.2903993834594092,0.30035109389524545,0.2941809872888184,0.11506853535652695,1
2021,Sulawesi Utara,0.29388237432494546,0.29018528778220165,0.292727170730106,0.12320516716274689,0
2021,Sumatera Barat,0.2944350610320043,0.31458654289368204,0.3018256773329427,0.08915271874137097,1
2021,Sumatera Selatan,0.29757048871660385,0.3268525558161234,0.3081933023687037,0.067383653098569,1
2021,Sumatera Utara,0.185322839939553,0.1769474566899643,0.18211976349546422,0.45560993987501847,3
2022,Aceh,0.14853420059097577,0.13789039059627126,0.14439920612705645,0.5691762026856965,3
2022,Bali,0.2535261297062647,0.2509131753208023,0.2525637910366877,0.24299690393624523,0
2022,Banten,0.2663880148704868,0.2668580679252778,0.26661487850517057,0.20013903869906477,1
2022,Bengkulu,0.27885081991893557,0.2863275762231023,0.2816539498801637,0.15316765397779847,1
2022,DKI Jakarta,0.26306270778565594,0.26011433828052966,0.2619990923124664,0.21482386162134795,0
2022,Daerah Istimewa Yogyakarta,0.2844471671779909,0.2943352599389486,0.2881503422188308,0.1330672306642296,1
2022,Gorontalo,0.23699102846532868,0.2288984983221869,0.2339359166491465,0.30017455656333797,3
2022,Jambi,0.2611568454911127,0.25386007644283726,0.25844932914425944,0.22653374892179068,0
2022,Jawa Barat,0.2768632027856923,0.2788231037717833,0.27768774928429135,0.16662594415823306,1
2022,Jawa Tengah,0.300359342873998,0.30673685985935417,0.3030588128364862,0.08984498443016153,1
2022,Jawa Timur,0.2957678597487585,0.31861628871107356,0.30415267934437173,0.08146317219579619,1
2022,Kalimantan Barat,0.28531840822578824,0.28684420823337503,0.2860128730116132,0.14182451052922346,1
2022,Kalimantan Selatan,0.29458179565863235,0.31796090498858404,0.3030968514221074,0.08436044793067621,1
2022,Kalimantan Tengah,0.26738834330808525,0.25674959083005117,0.26341881413049956,0.21244325173136405,0
2022,Kalimantan Timur,0.29309524550667765,0.31738349093031687,0.301885229867064,0.08763603369594151,1
2022,Kalimantan Utara,0.27499285320498856,0.2810233667833668,0.2772543501216223,0.16672942989002232,1
2022,Kepulauan Bangka Belitung,0.28075675401116756,0.27764193595034886,0.27969377920829674,0.16190753083018683,0
2022,Kepulauan Riau,0.25858942372872606,0.25707329772843984,0.2580505497879857,0.22628672875484837,0
2022,Lampung,0.2931126634183505,0.3129503635875163,0.30038205542474355,0.09355491756938965,1
2022,Maluku,0.28823572132049374,0.2951392262781622,0.29088638053416277,0.1257386718671813,1
2022,Maluku Utara,0.22632564083170556,0.22246740676170002,0.22486800097759937,0.32633895142899505,3
2022,Nusa Tenggara Barat,0.2341701408534384,0.22547105302894072,0.23089559855748393,0.3094632075601369,3
2022,Nusa Tenggara Timur,0.19735448788756166,0.1869645190653868,0.19336999748883846,0.4223109955582131,3
2022,Papua,0.22220043500991984,0.21828476688886814,0.22071636781642323,0.3387984302847888,3
2022,Papua Barat,0.22148698172074438,0.2175881637164126,0.2200082303889403,0.3409166241739027,3
2022,Papua Barat Daya,0.16551603927628705,0.15851982302898074,0.1628335736715817,0.5131305640231505,3
2022,Papua Pegunungan,0.22580030431040496,0.22249077437174256,0.2245450963966898,0.3271638249211627,3
2022,Papua Selatan,0.25141061978808676,0.2446426994557716,0.24888080008111996,0.2550658806750217,3
2022,Papua Tengah,0.2449485778571151,0.24232362669838808,0.2439670290979987,0.26876076634649815,3
2022,Riau,0.2620225840187049,0.25246834175166283,0.25846359301912836,0.22704548121050394,0
2022,Sulawesi Barat,0.2762533841936038,0.27792813203241,0.2769590948052104,0.16885938896877578,1
2022,Sulawesi Selatan,0.30187048578518066,0.31764610576439956,0.30792319410540625,0.07256021434501352,1
2022,Sulawesi Tengah,0.19335970420852905,0.18438966472149987,0.18993005711869115,0.4323205739512799,3
2022,Sulawesi Tenggara,0.2954118398288741,0.3083876414127752,0.3003291048564371,0.09587141390191364,1
2022,Sulawesi Utara,0.29264082953084897,0.28840142158364407,0.29124962932598786,0.12770811955951913,0
2022,Sumatera Barat,0.2965462164860265,0.32323260072103427,0.3062238645853973,0.07399731820754189,1
2022,Sumatera Selatan,0.2953493229565162,0.3227118317472539,0.3052355282651208,0.07670331703110916,1
2022,Sumatera Utara,0.28253790236957577,0.2716886991919727,0.2785678630311867,0.1672055354072649,0
2023,Aceh,0.12649514126388212,0.11771804331127915,0.12308550859206165,0.6327013068327771,3
2023,Bali,0.2580210073778976,0.25594543316096136,0.2572668652554433,0.22876669420569773,0
2023,Banten,0.26727842758136,0.26968404258846285,0.26821211228406205,0.1948254175461151,1
2023,Bengkulu,0.2871378971406808,0.3023767184209009,0.2927434170868018,0.11774196735161647,1
2023,DKI Jakarta,0.2620358478399161,0.2637349652786094,0.2626911763657955,0.21153801051567903,1
2023,Daerah Istimewa Yogyakarta,0.27674577158744124,0.28241322952277637,0.27889908230684324,0.1619419165829391,1
2023,Gorontalo,0.2360829266146173,0.23037646144181276,0.23393794606645565,0.2996026658771143,3
2023,Jambi,0.28110183060388205,0.28520122771487755,0.28271400526653045,0.15098293641470992,1
2023,Jawa Barat,0.2746176263645783,0.2766554646956394,0.2754570768270837,0.1732698321126986,1
2023,Jawa Tengah,0.3021493031993254,0.3069293115492989,0.30430406665849663,0.08661731859287897,1
2023,Jawa Timur,0.2951392223952386,0.3202396431961673,0.3042730427794409,0.0803480916291531,1
2023,Kalimantan Barat,0.2835659152404972,0.28781914705137635,0.2852374108669102,0.14337752684121627,1
2023,Kalimantan Selatan,0.2916511650242798,0.31362976789596453,0.2996316651881215,0.09508740189163419,1
2023,Kalimantan Tengah,0.30522487265009757,0.2858572009644614,0.29807633007249923,0.11084159631294181,0
2023,Kalimantan Timur,0.291968258839424,0.31440128213016727,0.30010958571753416,0.0935208733128746,1
2023,Kalimantan Utara,0.2753116817159686,0.28066099929748334,0.27733469521279525,0.16669262377375288,1
2023,Kepulauan Bangka Belitung,0.3026788505405768,0.282987256785985,0.2953997261600967,0.1189341665133415,0
2023,Kepulauan Riau,0.2982137225403125,0.30162371971501867,0.29975641251577234,0.10040614522889657,1
2023,Lampung,0.30038918437787776,0.321378276452097,0.3082312649652198,0.07000127420480547,1
2023,Maluku,0.24585315072600367,0.2399793637999305,0.24365973545602831,0.2705077500180375,3
2023,Maluku Utara,0.28329864931372795,0.28273837880182595,0.28320231812526014,0.1507606537591859,0
2023,Nusa Tenggara Barat,0.2610213355115496,0.2580584944041714,0.25996795438849973,0.22095221569577927,0
2023,Nusa Tenggara Timur,0.08304334732813007,0.07727204795535021,0.08079872389982422,0.7588858808166956,3
2023,Papua,0.18996460269903911,0.18368245095286578,0.18756695902018564,0.4387859873279095,3
2023,Papua Barat,0.2035041759919612,0.19834791100199173,0.2015415279659043,0.3966063850401428,3
2023,Papua Barat Daya,0.19435928253493423,0.18840579443254538,0.19208778935138704,0.4251471336811333,3
2023,Papua Pegunungan,0.22580030431040496,0.22249077437174256,0.2245450963966898,0.3271638249211627,3
2023,Papua Selatan,0.21358237446088113,0.20863094868006338,0.2117012817909127,0.3660853950681428,3
2023,Papua Tengah,0.2449485778571151,0.24232362669838808,0.2439670290979987,0.26876076634649815,3
2023,Riau,0.21726626611381653,0.20727999960174012,0.21345660671515035,0.3619971275692931,3
2023,Sulawesi Barat,0.27625338419360385,0.27792813203241,0.2769590948052103,0.16885938896877584,1
2023,Sulawesi Selatan,0.31063206608677185,0.31943209739508305,0.31447984466503115,0.055455991853113916,1
2023,Sulawesi Tengah,0.22837369215915126,0.22228469442616272,0.22607997413419065,0.3232616392804954,3
2023,Sulawesi Tenggara,0.2989974791120866,0.31018429780945966,0.30332594824597,0.08749227483248381,1
2023,Sulawesi Utara,0.2783376781968475,0.271567314616783,0.275897665678466,0.17419734150790342,0
2023,Sumatera Barat,0.29725653122921475,0.3260118160341251,0.307669575977715,0.0690620767589452,1
2023,Sumatera Selatan,0.2920310386250752,0.3080544808706519,0.29796835553562134,0.10194612496865155,1
2023,Sumatera Utara,0.20656169120199147,0.1969813053930539,0.202902226728295,0.39355477667665967,3
2024,Aceh,0.13710744127249774,0.12863337739554973,0.1338293179616542,0.6004298633702984,3
2024,Bali,0.2577439735427443,0.2553756392551427,0.2568826017994874,0.2299977854026257,0
2024,Banten,0.2695348598025626,0.27256801377631107,0.27070438258417073,0.18719274383695564,1
2024,Bengkulu,0.28476599827947474,0.2987816401379385,0.2899132919371377,0.12653906964544914,1
2024,DKI Jakarta,0.26193311862182206,0.2636137138678238,0.2625813672994484,0.21187180021090568,1
2024,Daerah Istimewa Yogyakarta,0.27757998183537835,0.28296625093341915,0.2796421133194311,0.15981165391177143,1
2024,Gorontalo,0.21853651739483587,0.2126049990019305,0.21628673367640566,0.35257174992682794,3
2024,Jambi,0.2987917636576977,0.3136798071030358,0.304474697026767,0.08305373221249958,1
2024,Jawa Barat,0.28572558271911014,0.2905003455665063,0.28763469551574405,0.13613937619863953,1
2024,Jawa Tengah,0.29989079398083696,0.3074027876785233,0.3029785228191768,0.08972789552146293,1
2024,Jawa Timur,0.29889838399830815,0.3285660143785501,0.309706452733515,0.06282914888962682,1
2024,Kalimantan Barat,0.28085143411655583,0.28573025279496267,0.28273233707984546,0.150685976008636,1
2024,Kalimantan Selatan,0.2915759178199616,0.30857241745444247,0.29784334511780824,0.10200831960778761,1
2024,Kalimantan Tengah,0.26688541339860794,0.2544456552875247,0.2622281873923942,0.21644074392147325,0
2024,Kalimantan Timur,0.2962814832766256,0.3247862291637763,0.3065844455981636,0.07234784196143443,1
2024,Kalimantan Utara,0.2756874725662563,0.2811382427469965,0.2777493588070084,0.16542492587973887,1
2024,Kepulauan Bangka Belitung,0.25367723727877195,0.24987940371861864,0.2522718993134668,0.24417145968914272,0
2024,Kepulauan Riau,0.2941018806769378,0.307325382859424,0.2991033351371738,0.09946940132646433,1
2024,Lampung,0.2879081268080497,0.28874386853886364,0.2883599949510979,0.13498800970198882,1
2024,Maluku,0.20861890350015705,0.2036281757275189,0.20671913430928604,0.381033786463038,3
2024,Maluku Utara,0.28329864931372795,0.28273837880182595,0.28320231812526014,0.15076065375918593,0
2024,Nusa Tenggara Barat,0.20396721619165442,0.19231849123880762,0.19950272641573022,0.4042115661538078,3
2024,Nusa Tenggara Timur,0.12699170078723424,0.11999619425624666,0.12429028891902359,0.6287218160374954,3
2024,Papua,0.2154518882333737,0.20784241011344007,0.21256388695536307,0.3641418146978232,3
2024,Papua Barat,0.2275732539500254,0.22379112319213568,0.2261448584125595,0.3224907644452794,3
2024,Papua Barat Daya,0.16551603927628705,0.15851982302898074,0.1628335736715817,0.5131305640231505,3
2024,Papua Pegunungan,0.22580030431040496,0.22249077437174256,0.2245450963966898,0.3271638249211627,3
2024,Papua Selatan,0.227533634643208,0.22290308031053516,0.22578299110283723,0.3237802939434197,3
2024,Papua Tengah,0.2449485778571151,0.24232362669838808,0.2439670290979987,0.26876076634649815,3
2024,Riau,0.27025359486941986,0.2699301853028486,0.2701861861577249,0.18963003367000664,0
2024,Sulawesi Barat,0.29849722819641605,0.2942766605726769,0.2972069177257289,0.11001919350517822,0
2024,Sulawesi Selatan,0.31155492474942276,0.3211604597164701,0.31575641320061554,0.051528202333491625,1
2024,Sulawesi Tengah,0.19313239668027057,0.18593202715984122,0.19038505613668424,0.43055052002320393,3
2024,Sulawesi Tenggara,0.28630511578963536,0.292779423863276,0.28880372318200237,0.1321117371650863,1
2024,Sulawesi Utara,0.2552513434423783,0.2461952366231,0.25186086133946634,0.24669255859505534,0
2024,Sumatera Barat,0.2981437663849215,0.3103088679029936,0.30281451861315445,0.08873284709893045,1
2024,Sumatera Selatan,0.28433856336215185,0.2691704117522403,0.27867550566083266,0.16781551922477517,0
2024,Sumatera Utara,0.2853845729844568,0.28496856372579676,0.28535266108294954,0.14429420220679687,0
2025,Aceh,0.20158490970215565,0.18911764737866574,0.19678072340513378,0.4125167195140448,3
2025,Bali,0.25420094237332774,0.25139030692819375,0.2531668732014502,0.2412418774970283,0
2025,Banten,0.24148746141849375,0.23916944015363364,0.2406225406396936,0.278720557788179,3
2025,Bengkulu,0.2522585726538187,0.2500557472547955,0.2514520802250278,0.246233599866358,0
2025,DKI Jakarta,0.26122947697427945,0.2627853835478019,0.26183003923847376,0.21415510023944498,1
2025,Daerah Istimewa Yogyakarta,0.2795430479399251,0.28531157770784826,0.2817478317437245,0.1533975426085021,1
2025,Gorontalo,0.25512492496620665,0.2486918037996458,0.25272744318520857,0.243455828048939,0
2025,Jambi,0.28771412767593824,0.2770798208069876,0.28385345476408,0.15135259675299406,0
2025,Jawa Barat,0.2860671363500086,0.2902483008870887,0.2877601723430005,0.1359243904199022,1
2025,Jawa Tengah,0.28229908975509993,0.29228270449553206,0.2860262325747232,0.13939197317464488,1
2025,Jawa Timur,0.2955814907300065,0.3255874985582789,0.3063661301671741,0.07246488054454053,1
2025,Kalimantan Barat,0.27967026901872394,0.2802442193744429,0.27998359729135947,0.16010191431547374,1
2025,Kalimantan Selatan,0.297387852575996,0.32525195654541117,0.30750549634933827,0.06985469452925452,1
2025,Kalimantan Tengah,0.30877120204558905,0.3076234461093087,0.3088539372655592,0.07475141457954304,2
2025,Kalimantan Timur,0.2966525415092129,0.32819128461792096,0.30797947511463253,0.06717669875823362,1
2025,Kalimantan Utara,0.28146725571078957,0.2904821941698885,0.2848305960570664,0.14321995406225554,1
2025,Kepulauan Bangka Belitung,0.2852068194377299,0.29546449975450845,0.28903702625430483,0.1302916545534569,1
2025,Kepulauan Riau,0.2864759998164592,0.2887171948687245,0.2874262599251185,0.13738054538969774,1
2025,Lampung,0.2601413282990761,0.2609326276914685,0.2604578840984097,0.21846815991104562,1
2025,Maluku,0.14195922693943255,0.1349265657171771,0.13925527854760472,0.5838589287957856,3
2025,Maluku Utara,0.28329864931372795,0.28273837880182595,0.28320231812526014,0.15076065375918593,0
2025,Nusa Tenggara Barat,0.24334802747284767,0.23584254727653658,0.24054201914247664,0.2802674061081391,3
2025,Nusa Tenggara Timur,0.12002767771144726,0.11058327834748455,0.11634335997393122,0.653045683967137,3
2025,Papua,0.17360400446305035,0.16549014229554593,0.17049241415640742,0.4904134390849963,3
2025,Papua Barat,0.22808324533715746,0.22436943825155678,0.22668052125086646,0.32086679516041927,3
2025,Papua Barat Daya,0.27411549780064026,0.2777507426696845,0.2755214981701428,0.17261226135953237,1
2025,Papua Pegunungan,0.22580030431040496,0.22249077437174256,0.2245450963966898,0.3271638249211627,3
2025,Papua Selatan,0.2211592080808788,0.2145406894617742,0.21865002409100176,0.3456500783663453,3
2025,Papua Tengah,0.2449485778571151,0.24232362669838808,0.2439670290979987,0.26876076634649815,3
2025,Riau,0.28291652471757217,0.2874244745595007,0.2846856616340563,0.1449733390888709,1
2025,Sulawesi Barat,0.27625338419360385,0.27792813203241,0.2769590948052103,0.16885938896877584,1
2025,Sulawesi Selatan,0.322944701218039,0.30614616610096795,0.31734681138063725,0.053562321300355806,0
2025,Sulawesi Tengah,0.22962721574614087,0.22521878429384717,0.2279616789932457,0.3171923209667662,3
2025,Sulawesi Tenggara,0.2837226256493808,0.2887427880880474,0.2856780930696393,0.1418564931929324,1
2025,Sulawesi Utara,0.28602153080054504,0.28544807109277864,0.28594183534257067,0.14258856276410561,0
2025,Sumatera Barat,0.2936492648649205,0.30847124508402646,0.2991815947057442,0.09869789534530882,1
2025,Sumatera Selatan,0.2755766706273804,0.2804332968191474,0.2774144214189857,0.16657561113448646,1
2025,Sumatera Utara,0.29361146972794194,0.29784677963422035,0.29536334646920304,0.11317840416863463,1
