Tahun,Provinsi,u_cluster_0,u_cluster_1,u_cluster_2,u_cluster_3,label
2019,Aceh,0.1931633853499755,0.19516857573960744,0.4319620573688038,0.17970598154161324,2
2019,Bali,0.2529985937451251,0.25418741585392346,0.24883369163644667,0.24398029876450472,1
2019,Banten,0.25457092822812694,0.2546819446113438,0.23742785958501758,0.25331926757551165,1
2019,Bengkulu,0.26188807593798014,0.26257286468639407,0.21940628550007862,0.25613277387554717,1
2019,DKI Jakarta,0.25658540453618295,0.2564603526508272,0.2297512204091375,0.2572030224038524,3
2019,Daerah Istimewa Yogyakarta,0.2783994410353683,0.27569283745101053,0.14775911769128264,0.29814860382233854,3
2019,Gorontalo,0.288385959341444,0.28844259803927963,0.13838840138108002,0.28478304123819626,1
2019,Jambi,0.23231519184646268,0.23486981480536853,0.31842090923866995,0.21439408410949887,2
2019,Jawa Barat,0.2678256823607846,0.2672296954243901,0.1938519032306751,0.2710927189841502,3
2019,Jawa Tengah,0.28747994514395026,0.28138240546822063,0.09453595177799441,0.33660169760983477,3
2019,Jawa Timur,0.2868173867176451,0.2803867360670079,0.09288962689247324,0.3399062503228737,3
2019,Kalimantan Barat,0.29079524096773424,0.2910472226364411,0.13357831857944766,0.28457921781637696,1
2019,Kalimantan Selatan,0.28644151469786805,0.28055720317401023,0.09853168506244737,0.3344695970656744,3
2019,Kalimantan Tengah,0.29394858936508356,0.28761436932594475,0.07661364888098873,0.34182339242798304,3
2019,Kalimantan Timur,0.29044582711543676,0.2846785103859734,0.09003718708531881,0.33483847541327105,3
2019,Kalimantan Utara,0.2804869167156482,0.2779195071352852,0.1426448699163834,0.2989487062326832,3
2019,Kepulauan Bangka Belitung,0.2152826664173975,0.2170657401716009,0.36460220252872927,0.20304939088227236,2
2019,Kepulauan Riau,0.29389439180988075,0.29771121938728856,0.14477398329754462,0.2636204055052861,1
2019,Lampung,0.2669419505798591,0.26675279120936185,0.19903325471797073,0.2672720034928083,3
2019,Maluku,0.2802118039895694,0.2847081317300251,0.18714342815490148,0.24793663612550396,1
2019,Maluku Utara,0.2657776648047271,0.26640453804723097,0.20771849915272242,0.2600992979953195,1
2019,Nusa Tenggara Barat,0.2693536992644089,0.26882345650499534,0.18968975498189583,0.27213308924869994,3
2019,Nusa Tenggara Timur,0.11526446059754492,0.11807334888739608,0.6688033121778909,0.09785887833716805,2
2019,Papua,0.23622639156382966,0.2373870120025548,0.29844792962725464,0.22793866680636085,2
2019,Papua Barat,0.2443511249986264,0.24497827229723626,0.27087775372189377,0.2397928489822435,2
2019,Riau,0.24393181021721003,0.24552370398440634,0.2783533418923366,0.23219114390604706,2
2019,Sulawesi Barat,0.2749725609779764,0.2729549881429041,0.16269647929859285,0.28937597158052664,3
2019,Sulawesi Selatan,0.30703686531336655,0.30311995199092057,0.06429915840571322,0.3255440242899998,3
2019,Sulawesi Tengah,0.22237050958099613,0.22521713054413348,0.34943485736835517,0.2029775025065152,2
2019,Sulawesi Tenggara,0.2747240830840071,0.2753460347979847,0.18142117371773395,0.2685087084002743,1
2019,Sulawesi Utara,0.2806299247820862,0.2795368446321647,0.15322342142952067,0.2866098091562284,3
2019,Sumatera Barat,0.2920172109796772,0.28602843519999804,0.08385454202191,0.33809981179841475,3
2019,Sumatera Selatan,0.2745322997665181,0.2730358684664847,0.16791623467077285,0.2845155970962243,3
2019,Sumatera Utara,0.26750579806988717,0.26955965109230934,0.2113632212304968,0.2515713296073067,1
2020,Aceh,0.2125449581245021,0.21406071778508468,0.37115174099111337,0.20224258309929993,2
2020,Bali,0.24388071134243378,0.24489814865761533,0.2747353250508549,0.23648581494909593,2
2020,Banten,0.2578465632812455,0.2577322107698443,0.2262444012138788,0.2581768247350314,3
2020,Bengkulu,0.2908067197055616,0.2853712722657655,0.09145021198732274,0.3323717960413501,3
2020,DKI Jakarta,0.25792331051827116,0.25765808044072613,0.22492760917231258,0.2594909998686902,3
2020,Daerah Istimewa Yogyakarta,0.2807877060786262,0.27717744444914555,0.13368649557231724,0.30834835389991105,3
2020,Gorontalo,0.28898120854141035,0.2829110952743445,0.09016921215946182,0.3379384840247833,3
2020,Jambi,0.19918835129210175,0.20224561463482815,0.419718732514705,0.17884730155836515,2
2020,Jawa Barat,0.2856091345889523,0.2831482066519444,0.1297388463661169,0.30150381239298635,3
2020,Jawa Tengah,0.29871945218498114,0.2941583001598924,0.07995680226580812,0.3271654453893183,3
2020,Jawa Timur,0.286152279346769,0.28023649616575447,0.09916266597938615,0.3344485585080903,3
2020,Kalimantan Barat,0.29189239954385177,0.28662783341487597,0.09040897031764164,0.33107079672363066,3
2020,Kalimantan Selatan,0.2861777787661285,0.28047199349341645,0.10078069803418718,0.3325695297062679,3
2020,Kalimantan Tengah,0.2992036735041079,0.2942883141910092,0.07497475110615613,0.3315332611987268,3
2020,Kalimantan Timur,0.28760390275837744,0.28132158010165426,0.09226189228040488,0.3388126248595634,3
2020,Kalimantan Utara,0.28150812226427546,0.279176448512122,0.14176685122188773,0.2975485780017149,3
2020,Kepulauan Bangka Belitung,0.27612522887306423,0.2770994076759949,0.17974393628785165,0.2670314271630892,1
2020,Kepulauan Riau,0.2837846403414013,0.283977420752038,0.15294856044754995,0.27928937845901075,1
2020,Lampung,0.27708456381732316,0.28124113352454994,0.1945891229114426,0.24708517974668429,1
2020,Maluku,0.1878896026898089,0.18995867034318514,0.4481086943392233,0.17404303262778267,2
2020,Maluku Utara,0.281389736589029,0.2803521977196669,0.1512465753196233,0.2870114903716808,3
2020,Nusa Tenggara Barat,0.2233130019593027,0.22517060393337116,0.34117410179278046,0.21034229231454565,2
2020,Nusa Tenggara Timur,0.1880044894316843,0.19352868228688141,0.46435713708767234,0.15410969119376206,2
2020,Papua,0.19453517151047647,0.19680473091073836,0.4293442699485969,0.17931582763018825,2
2020,Papua Barat,0.24488451422069413,0.24559878973334068,0.26987513432006455,0.23964156172590065,2
2020,Riau,0.21673416822317387,0.21820661113326398,0.35843940975126504,0.2066198108922971,2
2020,Sulawesi Barat,0.25466177900637615,0.25529087303182435,0.24054423864401242,0.24950310931778716,1
2020,Sulawesi Selatan,0.3078343083846909,0.30526023928142665,0.0705678619220947,0.3163375904117877,3
2020,Sulawesi Tengah,0.28169983789182307,0.2791780060592658,0.13980965123014122,0.2993125048187699,3
2020,Sulawesi Tenggara,0.2962008106564899,0.2916325608801649,0.08484861398898536,0.32731801447435976,3
2020,Sulawesi Utara,0.2561653484013222,0.2559756579888586,0.23056733753012265,0.25729165607969656,3
2020,Sumatera Barat,0.2925784159205517,0.285507034425759,0.07302368387879249,0.3488908657748968,3
2020,Sumatera Selatan,0.2904484689665665,0.2845533591240119,0.08890362700654429,0.3360945449028773,3
2020,Sumatera Utara,0.29355861554637497,0.28980457003872373,0.09776690784181036,0.3188699065730909,3
2021,Aceh,0.160716543324087,0.1630169156482395,0.5306054288682888,0.1456611121593847,2
2021,Bali,0.2475163112167855,0.24868951822510396,0.26494784980832214,0.2388463207497883,2
2021,Banten,0.2645777312252291,0.26428871000489135,0.20543929619240348,0.26569426257747614,3
2021,Bengkulu,0.2688749386213786,0.268527208187012,0.19209785415942138,0.27049999903218797,3
2021,DKI Jakarta,0.2617564679717417,0.2611971604603472,0.21169502280790253,0.26535134876000854,3
2021,Daerah Istimewa Yogyakarta,0.27050782796651746,0.2691950786268872,0.180797607217806,0.2794994861887894,3
2021,Gorontalo,0.23552650590208873,0.23630621015476588,0.2980851055960863,0.23008217834705902,2
2021,Jambi,0.2659339566969444,0.2658078353109023,0.20247965445604832,0.2657785535361049,0
2021,Jawa Barat,0.2814703161206307,0.2796902904297297,0.1465084436781225,0.29233094977151713,3
2021,Jawa Tengah,0.29936648715552966,0.29637250891463823,0.08961457755114802,0.31464642637868406,3
2021,Jawa Timur,0.2891832357521106,0.28323395423438313,0.09149629642623247,0.33608651358727376,3
2021,Kalimantan Barat,0.28719778719781386,0.28304085681339014,0.11165546660608715,0.3181058893827089,3
2021,Kalimantan Selatan,0.28728109801852153,0.2807980872957542,0.09103496268357691,0.3408858520021474,3
2021,Kalimantan Tengah,0.26647256893317156,0.26994847767354224,0.222213980069205,0.2413649733240812,1
2021,Kalimantan Timur,0.28911320907700394,0.2807883068412313,0.07000589116763253,0.36009259291413226,3
2021,Kalimantan Utara,0.27388588154147536,0.27204017165784994,0.16692430420294285,0.28714964259773196,3
2021,Kepulauan Bangka Belitung,0.24511684048226096,0.24713756437579637,0.27719751104492985,0.23054808409701286,2
2021,Kepulauan Riau,0.24005444420791178,0.24153536059402383,0.28913679659803876,0.22927339860002555,2
2021,Lampung,0.2883320804924049,0.29345038959018643,0.1671602235600772,0.2510573063573315,1
2021,Maluku,0.1710408225478779,0.17322736939808797,0.49907433086942055,0.15665747718461356,2
2021,Maluku Utara,0.25360998174326455,0.2547064004910885,0.24639861358472695,0.24528500418092009,1
2021,Nusa Tenggara Barat,0.24398713860885976,0.24605259543242375,0.2810711891585479,0.22888907680016862,2
2021,Nusa Tenggara Timur,0.23944471043964938,0.24254720594774476,0.30033148355818046,0.21767660005442546,2
2021,Papua,0.2398409392518395,0.24536111291119234,0.3106817308960668,0.20411621694090135,2
2021,Papua Barat,0.22095386462319838,0.22227862959775135,0.3449449057908149,0.21182259998823533,2
2021,Riau,0.285587999964416,0.28172168852544727,0.11821218759323968,0.3144781239168971,3
2021,Sulawesi Barat,0.2761271107889279,0.2754437284535674,0.16921563536568535,0.2792135253918194,3
2021,Sulawesi Selatan,0.30395594698020795,0.30248184246939563,0.08695992601553007,0.3066022845348664,3
2021,Sulawesi Tengah,0.223113177631376,0.22500065415499712,0.34192416237066564,0.2099620058429612,2
2021,Sulawesi Tenggara,0.288767242472957,0.2856180055254412,0.11538081434757903,0.31023393765402274,3
2021,Sulawesi Utara,0.2951305087629007,0.2957413057637053,0.12383108010306326,0.2852971053703308,1
2021,Sumatera Barat,0.2903364613828764,0.2845359272813616,0.08921131307073453,0.33591629826502756,3
2021,Sumatera Selatan,0.2912781295191318,0.28311359211304143,0.06729817073223032,0.3583101076355965,3
2021,Sumatera Utara,0.1868070997965296,0.18951033181181756,0.4548350892565572,0.16884747913509573,2
2022,Aceh,0.15021807069991214,0.153798272224166,0.568110279658461,0.12787337741746096,2
2022,Bali,0.25400175411952913,0.2547609973890857,0.24310741895141277,0.2481298295399724,1
2022,Banten,0.26640906467144565,0.2661533404780431,0.20037888148420566,0.26705871336630554,3
2022,Bengkulu,0.2774861919233154,0.2751991170744279,0.15337859785241187,0.29393609314984487,3
2022,DKI Jakarta,0.26363850137868317,0.2644447204018571,0.21506516151556945,0.25685161670389023,1
2022,Daerah Istimewa Yogyakarta,0.2826515057445502,0.27963822851557196,0.1332845930644936,0.3044256726753843,3
2022,Gorontalo,0.23833189339650898,0.24084967388245235,0.30010640232781927,0.22071203039321932,2
2022,Jambi,0.2624326627202015,0.26459367057087085,0.2267616326486255,0.24621203406030215,1
2022,Jawa Barat,0.2767295707156392,0.27593441706551347,0.16699241835251258,0.2803435938663348,3
2022,Jawa Tengah,0.3002122077441734,0.29759735862178976,0.09040259149842285,0.31178784213561395,3
2022,Jawa Timur,0.2911646533180053,0.28458067155525674,0.0814778137907366,0.3427768613360015,3
2022,Kalimantan Barat,0.28533797623474955,0.2846035213223678,0.14231429385096422,0.2877442085919184,3
2022,Kalimantan Selatan,0.2896424252908596,0.28304206599366183,0.08433506737848999,0.34298044133698863,3
2022,Kalimantan Tengah,0.26918435513099265,0.272379141779264,0.21270672426739917,0.24572977882234415,1
2022,Kalimantan Timur,0.28776966846188545,0.2810248704899607,0.08749716152696525,0.3437082995211885,3
2022,Kalimantan Utara,0.27389004991575694,0.27204383445959457,0.16690868873661904,0.28715742688802937,3
2022,Kepulauan Bangka Belitung,0.28150528127732316,0.2822188580952707,0.1623834250755391,0.273892435551867,1
2022,Kepulauan Riau,0.2588979522337106,0.2592959519442915,0.22646789144015186,0.25533820438184607,1
2022,Lampung,0.28905794231520815,0.28335874753845236,0.0935830998912791,0.33400021025506027,3
2022,Maluku,0.28715398787700075,0.2849071743611818,0.12609319035010033,0.30184564741171716,3
2022,Maluku Utara,0.22703557767959626,0.22824142457998137,0.3260981383582081,0.21862485938221418,2
2022,Nusa Tenggara Barat,0.23562839509765696,0.23831275798775006,0.30943613258367875,0.21662271433091423,2
2022,Nusa Tenggara Timur,0.19903212681091093,0.202406445536898,0.42170367818171717,0.17685774947047395,2
2022,Papua,0.22293106498186752,0.2241654616895106,0.33847371847930846,0.21442975484931343,2
2022,Papua Barat,0.22221250896749936,0.2234440834819748,0.34058810516451915,0.2137553023860067,2
2022,Papua Barat Daya,0.16690392374124532,0.16918091905621482,0.5119843743913276,0.1519307828112123,2
2022,Papua Pegunungan,0.22641507251626705,0.2274605799391037,0.3268895197915008,0.21923482775312841,2
2022,Papua Selatan,0.25256808393211005,0.25461605133271875,0.255167509055508,0.23764835567966325,2
2022,Papua Tengah,0.24541437614628306,0.2462108016634546,0.2687522866040313,0.23962253558623112,2
2022,Riau,0.26364607047148564,0.266505441460473,0.22732880633400332,0.24251968173403804,1
2022,Sulawesi Barat,0.2761271107889279,0.2754437284535674,0.16921563536568535,0.2792135253918194,3
2022,Sulawesi Selatan,0.2995732539208919,0.29447324529833596,0.0729601159515512,0.33299338482922086,3
2022,Sulawesi Tengah,0.19488545522098086,0.19777682387821158,0.43168335910758765,0.17565436179321992,2
2022,Sulawesi Tenggara,0.293273922869,0.2891989645213724,0.09618566686657723,0.3213414457430505,3
2022,Sulawesi Utara,0.2938676098125114,0.29471434484312353,0.12832007659425326,0.2830979687501118,1
2022,Sumatera Barat,0.2907730539692863,0.2833293235239317,0.07391142231250344,0.3519862001942786,3
2022,Sumatera Selatan,0.2893050116330395,0.28174793551901645,0.07655503474997342,0.35239201809797066,3
2022,Sumatera Utara,0.28459571336470696,0.28767191186585367,0.1675987329819937,0.26013364178744564,1
2023,Aceh,0.12800614724092718,0.1309617458864332,0.6314747057350716,0.109557401137568,2
2023,Bali,0.2584100784946262,0.25898980898122675,0.22892962894679406,0.25367048357735295,1
2023,Banten,0.2669104024333623,0.2661049028753709,0.19502560824580878,0.27195908644545796,3
2023,Bengkulu,0.28408290250768986,0.2796556349944678,0.11779879677343592,0.31846266572440635,3
2023,DKI Jakarta,0.26175893256653,0.26119947741761096,0.21168679306435245,0.2653547969515066,3
2023,Daerah Istimewa Yogyakarta,0.2757900540049031,0.2739953955268806,0.1621808622981337,0.2880336881700827,3
2023,Gorontalo,0.23706601997547294,0.23882218897198362,0.2995503818019958,0.22456140925054757,2
2023,Jambi,0.2805526535457201,0.2791331687522169,0.15132290400498136,0.28899127369708166,3
2023,Jawa Barat,0.27443050264720387,0.27364260253286876,0.1735986593380159,0.27832823548191143,3
2023,Jawa Tengah,0.30245180372554226,0.3002047169724056,0.08722762754650205,0.3101158517555502,3
2023,Jawa Timur,0.28981902971306306,0.28274860400940177,0.08026178327542287,0.3471705830021123,3
2023,Kalimantan Barat,0.2829823383500773,0.281515322082471,0.1437737058178394,0.29172863374961233,3
2023,Kalimantan Selatan,0.28691862741281876,0.2807591051203809,0.09499983235470369,0.33732243511209664,3
2023,Kalimantan Tengah,0.3087238689787579,0.3143103816999945,0.11122125772471336,0.26574449159653424,1
2023,Kalimantan Timur,0.28712465555286487,0.2808445435286718,0.0934083055507298,0.33862249536773364,3
2023,Kalimantan Utara,0.27437096799357735,0.27269720771857514,0.16693553805967315,0.2859962862281744,3
2023,Kepulauan Bangka Belitung,0.306208473340739,0.3119170784995559,0.1193013235922784,0.26257312456742665,1
2023,Kepulauan Riau,0.29838959835807427,0.2967742762478834,0.10102422245486022,0.30381190293918214,3
2023,Lampung,0.2966473366654651,0.29031475969985826,0.07022996098991188,0.3428079426447647,3
2023,Maluku,0.24686990401294262,0.2486440863696446,0.2705894727665487,0.23389653685086403,2
2023,Maluku Utara,0.28364855400848166,0.2835655010056379,0.15122218615120847,0.281563758834672,0
2023,Nusa Tenggara Barat,0.26164460603927225,0.26242224488582505,0.22123408524590205,0.25469906382900065,1
2023,Nusa Tenggara Timur,0.08427419093594075,0.0862300176155793,0.7573714488338135,0.07212434261466641,2
2023,Papua,0.19116242281130089,0.19318086043391736,0.4380133540021175,0.17764336275266432,2
2023,Papua Barat,0.20448860093487123,0.20613348944723897,0.3960247378948376,0.19335317172305225,2
2023,Papua Barat Daya,0.19549999905482143,0.1974112808903926,0.42440580162155217,0.18268291843323384,2
2023,Papua Pegunungan,0.22641507251626705,0.2274605799391037,0.3268895197915008,0.21923482775312841,2
2023,Papua Selatan,0.2145007862011936,0.21607171393880711,0.365643268200422,0.20378423165957735,2
2023,Papua Tengah,0.24541437614628306,0.2462108016634546,0.2687522866040313,0.23962253558623112,2
2023,Riau,0.21885641863308408,0.22205253553643667,0.36168608041420686,0.19740496541627237,2
2023,Sulawesi Barat,0.2761271107889278,0.27544372845356746,0.16921563536568532,0.2792135253918194,3
2023,Sulawesi Selatan,0.31094615741318876,0.307080065843334,0.05607907990243509,0.3258946968410421,3
2023,Sulawesi Tengah,0.22943847903931638,0.23132378425277808,0.3231078017678367,0.21612993494006882,2
2023,Sulawesi Tenggara,0.29743431169945045,0.2937344905724486,0.08795105058722244,0.3208801471408785,3
2023,Sulawesi Utara,0.27968113066536665,0.28152175168473104,0.17468910423023598,0.2641080134196663,1
2023,Sumatera Barat,0.29099616659333355,0.2830102087383501,0.06894410481163436,0.35704951985668193,3
2023,Sumatera Selatan,0.28895981126502107,0.28421932347026846,0.10212504601043264,0.32469581925427793,3
2023,Sumatera Utara,0.20814510499970107,0.2112234925626524,0.3930419349881263,0.18758946744952026,2
2024,Aceh,0.1386471274363097,0.14146998303162547,0.5991528354626622,0.12073005406940271,2
2024,Bali,0.25819223783110173,0.258855875696917,0.23016196654188126,0.25278991993009997,1
2024,Banten,0.2690554955927656,0.268056991716191,0.18740792751936092,0.2754795851716825,3
2024,Bengkulu,0.28192493613196606,0.27786923603742575,0.1265831977621009,0.31362263006850727,3
2024,DKI Jakarta,0.26165925791156475,0.261105761350748,0.21201954523758157,0.26521543550010573,3
2024,Daerah Istimewa Yogyakarta,0.27671722983207936,0.27497775739976393,0.160075456766353,0.2882295560018037,3
2024,Gorontalo,0.21958107925866693,0.2214528829317599,0.35223948645991815,0.20672655134965495,2
2024,Jambi,0.296512107178005,0.2917587858194528,0.08341101563775537,0.3283180913647867,3
2024,Jawa Barat,0.2852027986099211,0.2834847544690863,0.13654314212694654,0.2947693047940461,3
2024,Jawa Tengah,0.29942598731366643,0.29654725743258564,0.0902573129491751,0.3137694423045729,3
2024,Jawa Timur,0.29268927966889857,0.284322756991426,0.0627658957645156,0.36022206757515973,3
2024,Kalimantan Barat,0.28008477882988103,0.27848196945713866,0.15103430143205285,0.2903989502809275,3
2024,Kalimantan Selatan,0.2882235971538922,0.28325940136901934,0.10212662575424584,0.3263903757228427,3
2024,Kalimantan Tengah,0.268955506674958,0.2727246562671933,0.216660012893004,0.24165982416484477,1
2024,Kalimantan Timur,0.2900025009900944,0.28212198773903474,0.07218512553148987,0.35569038573938094,3
2024,Kalimantan Utara,0.2747314165222077,0.2730248949907456,0.1656708610681245,0.28657282741892215,3
2024,Kepulauan Bangka Belitung,0.25433825958563444,0.2554565485414146,0.2443538001029731,0.24585139176997794,1
2024,Kepulauan Riau,0.29189068158872145,0.28776525591173535,0.0998106172668802,0.3205334452326631,3
2024,Lampung,0.288099779101477,0.28753644688007785,0.13547417730002512,0.28888959671842,3
2024,Maluku,0.20955502415525218,0.21114706278103546,0.3805185137160464,0.19877939934766597,2
2024,Maluku Utara,0.28364855400848166,0.2835655010056378,0.1512221861512085,0.28156375883467194,0
2024,Nusa Tenggara Barat,0.20577376119076352,0.20954725839427557,0.40376500046628033,0.18091397994868066,2
2024,Nusa Tenggara Timur,0.12846334890894873,0.13078680970008866,0.6271362739564952,0.1136135674344674,2
2024,Papua,0.21673678437470015,0.21914192308825267,0.3638569459188779,0.20026434661816928,2
2024,Papua Barat,0.2282620042580548,0.22944299327479817,0.32228222401382955,0.22001277845331738,2
2024,Papua Barat Daya,0.16690392374124532,0.16918091905621482,0.5119843743913276,0.1519307828112123,2
2024,Papua Pegunungan,0.22641507251626705,0.2274605799391037,0.3268895197915008,0.21923482775312841,2
2024,Papua Selatan,0.22835320521673816,0.22980252947537147,0.3235722974337578,0.21827196787413258,2
2024,Papua Tengah,0.24541437614628306,0.2462108016634546,0.2687522866040313,0.23962253558623112,2
2024,Riau,0.2703980825480181,0.2703764258071204,0.1899453018616957,0.2692801897831658,0
2024,Sulawesi Barat,0.3000455084346014,0.30067607986690864,0.11064197911514963,0.2886364325833403,1
2024,Sulawesi Selatan,0.3119313333798775,0.3077166480154156,0.05216584326118838,0.32818617534351846,3
2024,Sulawesi Tengah,0.19444581587241178,0.19675588621124734,0.4298437875504432,0.17895451036589766,2
2024,Sulawesi Tenggara,0.2853239135223989,0.2831900596862511,0.13249387193748438,0.2989921548538656,3
2024,Sulawesi Utara,0.25674273548092,0.25949174552174914,0.2469277474274279,0.23683777156990293,1
2024,Sumatera Barat,0.2963379865327464,0.29239154285729424,0.0891305186504107,0.32213995195954864,3
2024,Sumatera Selatan,0.2868866816541729,0.29143369408101,0.1681265503841093,0.2535530738807077,1
2024,Sumatera Utara,0.2857502716984601,0.28559827724709047,0.14473721841008588,0.2839142326443636,0
2025,Aceh,0.20347340006550863,0.20757120151037484,0.4119034072858318,0.1770519911382848,2
2025,Bali,0.254713379324481,0.2555277825707329,0.24136994550658802,0.24838889259819807,1
2025,Banten,0.24192101899327018,0.24262115402231443,0.2786700763787943,0.23678775060562107,2
2025,Bengkulu,0.2526681948586056,0.25329897236897614,0.2463570407831026,0.24767579198931566,1
2025,DKI Jakarta,0.26097616182450994,0.2604628349207886,0.2142956342834417,0.26426536897125974,3
2025,Daerah Istimewa Yogyakarta,0.2786063640872412,0.2767517518147805,0.15367909430810753,0.29096278978987083,3
2025,Gorontalo,0.25622594075756194,0.2581561118714461,0.24362342916680638,0.24199451820418558,1
2025,Jambi,0.2898120540780673,0.2927555556644369,0.15181000566443736,0.2656223845930584,1
2025,Jawa Barat,0.2856634500028748,0.28411226922516875,0.1363466245192678,0.2938776562526887,3
2025,Jawa Tengah,0.2804551953042567,0.27743779412639524,0.1395706036658319,0.3025364069035162,3
2025,Jawa Timur,0.28875723361221545,0.28058782767129026,0.07222200168785146,0.3584329370286428,3
2025,Kalimantan Barat,0.27978048469934746,0.27938947100851674,0.16054431012794987,0.28028573416418595,3
2025,Kalimantan Selatan,0.29142007253319085,0.2836267689967837,0.06978859309134595,0.3551645653786795,3
2025,Kalimantan Tengah,0.3105653733629471,0.30977427047855854,0.07544865972746519,0.30421169643102913,0
2025,Kalimantan Timur,0.28945298588830415,0.2808875521685056,0.06693461230330178,0.3627248496398885,3
2025,Kalimantan Utara,0.2797865202036854,0.2770649825407377,0.14339760530756596,0.299750891948011,3
2025,Kepulauan Bangka Belitung,0.28330355979102956,0.28020050984852973,0.13050876916673124,0.30598716119370944,3
2025,Kepulauan Riau,0.28632290866297805,0.28539730288856285,0.13788940362416402,0.290390384824295,3
2025,Lampung,0.2600280473289134,0.25974225253858524,0.21861286831949778,0.26161683181300366,3
2025,Maluku,0.143429184854036,0.14573688651417777,0.5824120495011835,0.1284218791306028,2
2025,Maluku Utara,0.28364855400848166,0.2835655010056378,0.1512221861512085,0.28156375883467194,0
2025,Nusa Tenggara Barat,0.2446285323831742,0.24690190604795934,0.28038378058836316,0.22808578098050328,2
2025,Nusa Tenggara Timur,0.1215161351705296,0.12472943548514889,0.6519617189718018,0.10179271037251972,2
2025,Papua,0.17510149404374167,0.17774122803938372,0.4894024404165972,0.1577548375002774,2
2025,Papua Barat,0.22875863438304617,0.22991854301661807,0.3206632689830361,0.22065955361729964,2
2025,Papua Barat Daya,0.2735491027924952,0.27234384575018766,0.17290125401196071,0.2812057974453564,3
2025,Papua Pegunungan,0.22641507251626705,0.2274605799391037,0.3268895197915008,0.21923482775312841,2
2025,Papua Selatan,0.2223001093197102,0.22438591553246623,0.34536369756707763,0.20795027758074588,2
2025,Papua Tengah,0.24541437614628306,0.2462108016634546,0.2687522866040313,0.23962253558623112,2
2025,Riau,0.282300809298307,0.28074994701324935,0.14535323805450165,0.291596005633942,3
2025,Sulawesi Barat,0.2761271107889278,0.27544372845356746,0.16921563536568532,0.2792135253918194,3
2025,Sulawesi Selatan,0.3279052242279607,0.33132909668238003,0.05415686441648223,0.28660881467317706,1
2025,Sulawesi Tengah,0.23040581001567306,0.23178276287602778,0.3170101749691351,0.22080125213916407,2
2025,Sulawesi Tenggara,0.28299653976315536,0.28130180006933336,0.14224246438283256,0.29345919578467866,3
2025,Sulawesi Utara,0.28642556848490863,0.2863007239345715,0.14313882525379965,0.28413488232672024,0
2025,Sumatera Barat,0.2909343101503711,0.28646458816261944,0.09894292309925734,0.3236581785877521,3
2025,Sumatera Selatan,0.27471303131235936,0.2731912145549378,0.1668332949123103,0.28526245922039256,3
2025,Sumatera Utara,0.2933075345132638,0.2916561581951169,0.11371062463953742,0.30132568265208187,3
