Tahun,Provinsi,u_cluster_0,u_cluster_1,u_cluster_2,u_cluster_3,label
2019,Aceh,0.19216595170605422,0.43231850837214264,0.18172476048301567,0.19379077943878745,1
2019,Bali,0.2523939313972874,0.24877903211250757,0.24545063881431708,0.253376397675888,3
2019,Banten,0.2544857676329955,0.2373851365791186,0.25354476081367183,0.254584334974214,3
2019,Bengkulu,0.26150627915565977,0.21930829902833332,0.2571032606790418,0.26208216113696503,3
2019,DKI Jakarta,0.2566320388193815,0.22970918436367793,0.2571242169067115,0.25653455991022905,2
2019,Daerah Istimewa Yogyakarta,0.27976900218967593,0.14767864646524415,0.2950048280114547,0.27754752333362526,2
2019,Gorontalo,0.28812271192362643,0.1381356722546927,0.2855177255170226,0.28822389030465834,3
2019,Jambi,0.23110208093564616,0.3184818999784684,0.21722796731797808,0.23318805176790733,1
2019,Jawa Barat,0.26804808439926026,0.19374569378007472,0.27062901663196154,0.2675772051887035,2
2019,Jawa Tengah,0.2909647828648378,0.09456479911888857,0.32858568750427897,0.28588473051199464,2
2019,Jawa Timur,0.2906151370457517,0.09295605429685126,0.3311900808359805,0.28523872782141657,2
2019,Kalimantan Barat,0.2903223592717215,0.13330952109112865,0.2857639384510133,0.2906041811861366,3
2019,Kalimantan Selatan,0.2898673106492457,0.0985714105121146,0.3266047447661473,0.28495653407249233,2
2019,Kalimantan Tengah,0.29726498806453755,0.07654517260981542,0.33415775593387537,0.2920320833917716,2
2019,Kalimantan Timur,0.29354784554010566,0.0899987345330762,0.32767966646589086,0.2887737534609273,2
2019,Kalimantan Utara,0.2817654085348832,0.14254761305710226,0.29602425235374474,0.27966272605426984,2
2019,Kepulauan Bangka Belitung,0.21441406423136505,0.3647867760445561,0.20493513404447392,0.21586402567960497,1
2019,Kepulauan Riau,0.29184246565266914,0.14459192461241444,0.2685341475407741,0.29503146219414234,3
2019,Lampung,0.26696714249712805,0.1989247234079316,0.2672780511738143,0.266830082921126,2
2019,Maluku,0.2780909350859734,0.18702987150635003,0.25309478321390627,0.28178441019377026,3
2019,Maluku Utara,0.26540606488796853,0.2075702958382634,0.26108373383141764,0.26593990544235047,3
2019,Nusa Tenggara Barat,0.26954720029907503,0.18957034134565232,0.27175189920413717,0.26913055915113543,2
2019,Nusa Tenggara Timur,0.11398447677517523,0.669380089033796,0.10040102815182872,0.11623440603920006,1
2019,Papua,0.23565028534422225,0.2985030234707845,0.22924697075984743,0.23659972042514582,1
2019,Papua Barat,0.24403550603240828,0.27089679302018665,0.24051763082237104,0.24455007012503402,1
2019,Riau,0.24313381562338562,0.2783449814441048,0.23407786198932648,0.24444334094318312,1
2019,Sulawesi Barat,0.27597171410651755,0.16260615856718588,0.28710085887275155,0.2743212684535449,2
2019,Sulawesi Selatan,0.30803575281684903,0.06402792145912223,0.32295765017073524,0.30497867555329344,2
2019,Sulawesi Tengah,0.22105557631131423,0.3495635257053215,0.20601124585148062,0.2233696521318836,1
2019,Sulawesi Tenggara,0.2743087099689889,0.1812443328050887,0.2695975669605919,0.2748493902653306,3
2019,Sulawesi Utara,0.281036586587796,0.15301945034962852,0.28577222258577817,0.2801717404767973,2
2019,Sumatera Barat,0.2952367016292331,0.08380942038140235,0.3306749831658002,0.2902788948235644,2
2019,Sumatera Selatan,0.27521739564287073,0.16780563404491605,0.28297205993749425,0.2740049103747189,2
2019,Sumatera Utara,0.2664404196698471,0.2112328307041194,0.25418117889542624,0.2681455707306073,3
2020,Aceh,0.2117951454877636,0.3713702051610025,0.20380895156786275,0.2130256977833711,1
2020,Bali,0.24337725054561446,0.27474147603267635,0.23766917950317365,0.24421209391853566,1
2020,Banten,0.2578708286049525,0.22619029806082222,0.25815330727087454,0.2577855660633508,2
2020,Bengkulu,0.29370893098306045,0.09139863135578517,0.32567747389587876,0.28921496376527567,2
2020,DKI Jakarta,0.2580346681212211,0.22487751097014472,0.25926462271410505,0.25782319819452915,2
2020,Daerah Istimewa Yogyakarta,0.28271725808755416,0.1336443836456631,0.30390367164158355,0.2797346866251991,2
2020,Gorontalo,0.29246145619032765,0.09018208456273069,0.3299527617810334,0.28740369746590827,2
2020,Jambi,0.19777343626569713,0.4200071273202238,0.1819698813703811,0.20024955504369787,1
2020,Jawa Barat,0.28667089220255315,0.1295854578729997,0.29905951192755387,0.2846841379968933,2
2020,Jawa Tengah,0.30054032805478675,0.07976012522748328,0.32283265969733177,0.29686688702039826,2
2020,Jawa Timur,0.2895958348247907,0.09920871546507837,0.32653679326510643,0.2846586564450246,2
2020,Kalimantan Barat,0.29460171800125085,0.09031404879077419,0.32482115302400827,0.29026308018396674,2
2020,Kalimantan Selatan,0.28948377646306245,0.10080831978740479,0.32498364489318926,0.2847242588563435,2
2020,Kalimantan Tengah,0.3013259603822936,0.07479064996366087,0.32654259877123565,0.2973407908828098,2
2020,Kalimantan Timur,0.291252217357108,0.0923036830261274,0.33043490062738895,0.28600919898937566,2
2020,Kalimantan Utara,0.28260563474511163,0.1416485413295916,0.2950379344102133,0.2807078895150835,2
2020,Kepulauan Bangka Belitung,0.2755062488865614,0.17956384206199955,0.26858788015312923,0.2763420288983098,3
2020,Kepulauan Riau,0.28345324728481924,0.15273124557968018,0.2801505308642655,0.28366497627123505,3
2020,Lampung,0.2751061050074016,0.19448610692723353,0.25188554140699154,0.27852224665837316,3
2020,Maluku,0.18686301209317258,0.44847989589572346,0.17611838096392965,0.18853871104717432,1
2020,Maluku Utara,0.2817674505990261,0.1510675041807914,0.28621656447718785,0.2809484807429946,2
2020,Nusa Tenggara Barat,0.22241398818226532,0.341283069163885,0.21237412045206888,0.22392882220178079,1
2020,Nusa Tenggara Timur,0.18576973904720429,0.4647817191393471,0.15925199792297615,0.19019654389047244,1
2020,Papua,0.19343253665546012,0.42967455561072576,0.1816211688290305,0.19527173890478355,1
2020,Papua Barat,0.24452420780201076,0.2698837993432911,0.24048088026393483,0.2451111125907633,1
2020,Riau,0.2160047656881794,0.3586231334014835,0.20817011444344613,0.21720198646689098,1
2020,Sulawesi Barat,0.2543149681069871,0.24047827298987284,0.2503656479009029,0.25484111100223716,3
2020,Sulawesi Selatan,0.30816614325919833,0.0702748104194597,0.31533778923878053,0.30622125708256137,2
2020,Sulawesi Tengah,0.28291204971781786,0.13968056060889034,0.29655300580555016,0.2808543838677416,2
2020,Sulawesi Tenggara,0.2982842471039962,0.08468805851911866,0.32246163884519946,0.2945660555316858,2
2020,Sulawesi Utara,0.25624750139936525,0.2305252936170945,0.25713106405690395,0.25609614092663635,2
2020,Sumatera Barat,0.2965553146722854,0.07301590087470389,0.3397590025056275,0.2906697819473832,2
2020,Sumatera Selatan,0.2936434840105649,0.08887649350105704,0.328720252272968,0.28875977021541,2
2020,Sumatera Utara,0.2952561047913257,0.09761118707721345,0.31492623038507545,0.2922064777463853,2
2021,Aceh,0.15955604198927634,0.531173769431128,0.1478575873956413,0.1614126011839543,1
2021,Bali,0.24693108208407008,0.2649272276653296,0.24024526780203123,0.24789642244856908,1
2021,Banten,0.26465367000902645,0.20534289709552844,0.26557018098998664,0.2644332519054585,2
2021,Bengkulu,0.268995798541028,0.1919797691059328,0.270298076501493,0.26872635585154614,2
2021,DKI Jakarta,0.26200771028624126,0.21162618977487,0.26480948102158564,0.26155661891730314,2
2021,Daerah Istimewa Yogyakarta,0.2711328994125016,0.1806972554312003,0.27810485801253076,0.27006498714376725,2
2021,Gorontalo,0.23514108539401146,0.29815331756350233,0.23092901719765874,0.23577657984482742,1
2021,Jambi,0.2659241384642122,0.20237452023594457,0.26586203235653716,0.26583930894330604,0
2021,Jawa Barat,0.2821896075975884,0.14635107506325704,0.2906962487094485,0.2807630686297061,2
2021,Jawa Tengah,0.300260015859027,0.08937577289046189,0.3124574749261107,0.2979067363244004,2
2021,Jawa Timur,0.29248742222794727,0.09149256269414155,0.32847347619398276,0.28754653888392845,2
2021,Kalimantan Barat,0.28934251505369385,0.11157545178149189,0.3131619651179993,0.28592006804681497,2
2021,Kalimantan Selatan,0.2911192269274127,0.091098299739177,0.33208470236691523,0.28569777096649496,2
2021,Kalimantan Tengah,0.26481500166012006,0.22212118231998224,0.24539390420107296,0.2676699118188247,3
2021,Kalimantan Timur,0.2942431211764472,0.07011322153467704,0.3484001445683802,0.2872435127204956,2
2021,Kalimantan Utara,0.27480903608683954,0.1668411627361675,0.2850520157778793,0.27329778539911365,2
2021,Kepulauan Bangka Belitung,0.24414898022058512,0.27715321153875444,0.23289188472825145,0.2458059235124091,1
2021,Kepulauan Riau,0.23931739687293266,0.2891527873878904,0.2309971164766659,0.240532699262511,1
2021,Lampung,0.2858700288469642,0.1670330060675624,0.2570098725633858,0.29008709252208753,3
2021,Maluku,0.16993840201517205,0.49959154292983643,0.15876553798097043,0.17170451707402112,1
2021,Maluku Utara,0.25305711741033277,0.24633076242882118,0.24664889933107878,0.2539632208297673,3
2021,Nusa Tenggara Barat,0.24297798400531193,0.28102391970830876,0.23132303988316646,0.24467505640321285,1
2021,Nusa Tenggara Timur,0.23798787584560108,0.3003607439576037,0.22112910036836794,0.24052227982842725,1
2021,Papua,0.23752024278520856,0.3108318944026374,0.20966739683640268,0.24198046597575143,1
2021,Papua Barat,0.22030045381619157,0.345092145493152,0.2132292650417011,0.22137813564895537,1
2021,Riau,0.28760172796251227,0.1181222641557868,0.3098599669683989,0.284416040913302,2
2021,Sulawesi Barat,0.27632964091839585,0.16905075377058823,0.27881908347975587,0.27580052183125997,2
2021,Sulawesi Selatan,0.3039677796896701,0.08666863815772653,0.3064696820844251,0.30289390006817823,2
2021,Sulawesi Tengah,0.22219978741742516,0.3420423492626769,0.21201944689374266,0.22373841642615527,1
2021,Sulawesi Tenggara,0.29022148504399775,0.11523563921816024,0.30688296885815014,0.28765990687969195,2
2021,Sulawesi Utara,0.29438964960210573,0.12354230636026386,0.2870826949610584,0.2949853490765719,3
2021,Sumatera Barat,0.29354882743078425,0.08918384469515449,0.3285342014729392,0.2887331264011221,2
2021,Sumatera Selatan,0.2960534950431429,0.06733717408241452,0.34738565499346064,0.289223675880982,2
2021,Sumatera Utara,0.185523069048665,0.4551926483419747,0.17157315407861568,0.1877111285307446,1
2022,Aceh,0.14865664934921496,0.5685977570088595,0.13121621030276903,0.15152938333915636,1
2022,Bali,0.25360967315659805,0.2430563511235043,0.24909492270141376,0.2542390530184839,3
2022,Banten,0.2664507950094917,0.20026804538147855,0.2670196909907058,0.26626146861832395,2
2022,Bengkulu,0.27862935146896506,0.15328068849675722,0.29133362019937364,0.2767563398349041,2
2022,DKI Jakarta,0.2631867098311281,0.214953699037726,0.2579947241678926,0.26386486696325334,3
2022,Daerah Istimewa Yogyakarta,0.2841573234132244,0.13318360609101754,0.30097211819305314,0.28168695230270485,2
2022,Gorontalo,0.23715044138567581,0.3001377443175554,0.22350610568751303,0.23920570860925577,1
2022,Jambi,0.261355064782868,0.2266564798197005,0.24884897216988536,0.26313948322754604,3
2022,Jawa Barat,0.2769593028356722,0.16682284630167624,0.27987519502744607,0.2763426558352055,2
2022,Jawa Tengah,0.300831207526094,0.09014396020433928,0.3102194089300929,0.29880542333947385,2
2022,Jawa Timur,0.29478763961031357,0.08147036584736336,0.3344199395460928,0.28932205499623026,2
2022,Kalimantan Barat,0.2854793664273077,0.14208763865475274,0.28750761487616383,0.2849253800417758,2
2022,Kalimantan Selatan,0.2934319578462343,0.08434665717338172,0.33429341344879315,0.2879279715315908,2
2022,Kalimantan Tengah,0.2676354516635452,0.21258519093823827,0.2495131525206593,0.27026620487755726,3
2022,Kalimantan Timur,0.2917785233706873,0.08756203871518171,0.33452490071857655,0.28613453719555443,2
2022,Kalimantan Utara,0.2748134506919831,0.16682553707407324,0.2850592263731277,0.273301785860816,2
2022,Kepulauan Bangka Belitung,0.28098670377587726,0.16216357481382918,0.2752340183706679,0.28161570303962574,3
2022,Kepulauan Riau,0.2586626660635042,0.2263841383188705,0.25595265437778686,0.2590005412398384,3
2022,Lampung,0.292228185268824,0.09356984419471057,0.32670700396794977,0.28749496656851564,2
2022,Maluku,0.2881500840820281,0.1259286920390601,0.29958749714412924,0.28633372673478263,2
2022,Maluku Utara,0.22643859539708502,0.32620952766326516,0.21993056006268957,0.2274213168769602,1
2022,Nusa Tenggara Barat,0.23435436593846587,0.3094488643373627,0.2196470434569176,0.23654972626725385,1
2022,Nusa Tenggara Timur,0.1975117728718321,0.4219827326289469,0.18026532899308384,0.20024016550613719,1
2022,Papua,0.222318658738179,0.3386239167788945,0.2157346634143087,0.2233227610686177,1
2022,Papua Barat,0.2216032207000139,0.3407400552333024,0.215052157554092,0.2226045665125917,1
2022,Papua Barat Daya,0.1657595813111279,0.5125136043289213,0.1541281856017472,0.1675986287582035,1
2022,Papua Pegunungan,0.22589836727536963,0.32701637740561723,0.22033687430787163,0.22674838101114153,1
2022,Papua Selatan,0.25157307063863343,0.25512049881599674,0.24005094770644314,0.2532554828389267,1
2022,Papua Tengah,0.24502027083634187,0.26875619676594276,0.24054966125190924,0.2456738711458062,1
2022,Riau,0.26225185933363293,0.22719810193284748,0.2459425278009645,0.264607510932555,3
2022,Sulawesi Barat,0.27632964091839585,0.16905075377058823,0.27881908347975587,0.27580052183125997,2
2022,Sulawesi Selatan,0.3017604410006527,0.07277335558147141,0.3278391521847505,0.29762705123312544,2
2022,Sulawesi Tengah,0.19354056552543178,0.43197683269010584,0.1786006285466648,0.19588197323779752,1
2022,Sulawesi Tenggara,0.2951683831591656,0.09603923325973387,0.31694414757147776,0.2918482360096227,2
2022,Sulawesi Utara,0.29308724552490534,0.12803766357610488,0.2850110123704167,0.293864078528573,3
2022,Sumatera Barat,0.29514531336222727,0.0739511812035441,0.3419824918892567,0.2889210135449719,2
2022,Sumatera Selatan,0.29383336244251584,0.07662404766945109,0.3420420114501616,0.28750057843787147,2
2022,Sumatera Utara,0.282942478367597,0.16741798421879894,0.264128470597176,0.28551106681642807,3
2023,Aceh,0.12666128332553747,0.6320375103163864,0.1122696747032546,0.12903153165482145,1
2023,Bali,0.25809741712591994,0.22885429960985015,0.2544657220027589,0.25858256126147106,3
2023,Banten,0.2672574025074461,0.19493295944633168,0.2711995430796234,0.2666100949665987,2
2023,Bengkulu,0.2864994673238567,0.11777236732414874,0.3128957599318353,0.2828324054201592,2
2023,DKI Jakarta,0.26201024258322875,0.21161794816212398,0.26481277768937245,0.2615590315652748,2
2023,Daerah Istimewa Yogyakarta,0.27663082576475945,0.16207007570489962,0.28612750635643125,0.27517159217390963,2
2023,Gorontalo,0.23621871673717743,0.2995746634350685,0.2265512199155965,0.23765539991215753,1
2023,Jambi,0.28111574208376805,0.15116540692162336,0.2877360204872278,0.27998283050738076,2
2023,Jawa Barat,0.27468496055308683,0.17344651321408602,0.2777997438085693,0.27406878242425786,2
2023,Jawa Tengah,0.3027747674684423,0.08694491028639176,0.3092082864195683,0.3010720358255976,2
2023,Jawa Timur,0.2938934448394878,0.0803016164215146,0.3378101964419213,0.2879947422970763,2
2023,Kalimantan Barat,0.2835719231486941,0.14359010816258033,0.29043847817359364,0.28239949051513186,2
2023,Kalimantan Selatan,0.29051580359766316,0.09504074868755279,0.32907124542967553,0.2853722022851085,2
2023,Kalimantan Tengah,0.3058367020275143,0.11104721731179458,0.272624714342588,0.31049136631810315,3
2023,Kalimantan Timur,0.2908014975476675,0.0934608805683801,0.33018127138755105,0.2855563504964014,2
2023,Kalimantan Utara,0.27517863293753525,0.16682282220961842,0.28418414280358933,0.273814402049257,2
2023,Kepulauan Bangka Belitung,0.3032811116847508,0.11913324028104431,0.2695546289443125,0.30803101908989244,3
2023,Kepulauan Riau,0.2986403020091904,0.10073799212195043,0.3032039436703166,0.29741776219854255,2
2023,Lampung,0.2997968367998414,0.07012248218086277,0.33549109327777715,0.2945895877415187,2
2023,Maluku,0.24600123560706022,0.2705518477486485,0.23598794785047042,0.24745896879382087,1
2023,Maluku Utara,0.28349197199365744,0.15100876028311686,0.2820289188192238,0.28347034890400186,0
2023,Nusa Tenggara Barat,0.2611755501033936,0.22110409892015964,0.2558844722958147,0.26183587868063213,3
2023,Nusa Tenggara Timur,0.08327759445325096,0.7580696526685091,0.07381007276747331,0.08484268011076669,1
2023,Papua,0.19016160915380434,0.4383703967193343,0.17967138818805303,0.19179660593880826,1
2023,Papua Barat,0.2036685637198167,0.39629365574783426,0.19503477165361052,0.20500300887873843,1
2023,Papua Barat Daya,0.19454927396815133,0.424748317716557,0.18460467764394223,0.19609773067134936,1
2023,Papua Pegunungan,0.22589836727536963,0.32701637740561723,0.22033687430787163,0.22674838101114153,1
2023,Papua Selatan,0.2137272502304075,0.3658476653716955,0.20542176286630165,0.2150033215315953,1
2023,Papua Tengah,0.24502027083634187,0.26875619676594276,0.24054966125190924,0.2456738711458062,1
2023,Riau,0.21741324283388924,0.3618287611020101,0.20075185325860487,0.2200061428054958,1
2023,Sulawesi Barat,0.27632964091839585,0.16905075377058823,0.27881908347975587,0.27580052183125997,2
2023,Sulawesi Selatan,0.3116053556576427,0.055789781687778844,0.3239622968238514,0.3086425658307271,2
2023,Sulawesi Tengah,0.22852513224180357,0.32317890310498604,0.21823063323633787,0.23006533141687258,1
2023,Sulawesi Tenggara,0.29896949774487397,0.08773762696136514,0.3173071830201734,0.29598569227358745,2
2023,Sulawesi Utara,0.2786355795497915,0.1744622332570182,0.26671502276209536,0.2801871644310949,3
2023,Sumatera Barat,0.29571930652792766,0.06899862686690023,0.34624768380596904,0.28903438279920307,2
2023,Sumatera Selatan,0.29144887284065496,0.10204152588884537,0.3189730378934414,0.28753656337705835,2
2023,Sumatera Utara,0.20673165584265227,0.3932780625606048,0.19076372423858287,0.2092265573581601,1
2024,Aceh,0.13731604970296632,0.5997404382220979,0.12335862454673638,0.1395848875281994,1
2024,Bali,0.25783313045259715,0.2300861071211494,0.25369274961198635,0.2583880128142671,3
2024,Banten,0.26949715488548526,0.18730830958339434,0.27450260852201236,0.2686919270091081,2
2024,Bengkulu,0.2841593069942716,0.12656278709871138,0.30848053013277826,0.28079737577423874,2
2024,DKI Jakarta,0.2619078359609741,0.2119511812027146,0.26467952909187514,0.26146145374443613,2
2024,Daerah Istimewa Yogyakarta,0.2775010413529184,0.1599531486585322,0.28645340177010925,0.2760924082184401,2
2024,Gorontalo,0.21868192678783782,0.35239297514420276,0.2087205261817126,0.22020457188624684,1
2024,Jambi,0.2986183821767752,0.08324414979506133,0.32338087055771375,0.2947565974704497,2
2024,Jawa Barat,0.28581586479822213,0.13635601890617544,0.29337415720046034,0.28445395909514215,2
2024,Jawa Tengah,0.3002550800361145,0.09001154870926058,0.3117353636413425,0.2979980076132823,2
2024,Jawa Timur,0.2974669393784273,0.06279421052914903,0.3492532526644119,0.2904855974280118,2
2024,Kalimantan Barat,0.2807923232085549,0.15087280639928716,0.2888361767231989,0.279498693668959,2
2024,Kalimantan Selatan,0.2908970328918494,0.10207135961161663,0.3202428805855827,0.28678872691095136,2
2024,Kalimantan Tengah,0.26715263527040944,0.2165590274181146,0.24603794076020566,0.2702503965512703,3
2024,Kalimantan Timur,0.2947133512493311,0.0722607300047178,0.34491505120644833,0.2881108675395027,2
2024,Kalimantan Utara,0.2755534198080858,0.16555674027438708,0.2847271961002348,0.2741626438172924,2
2024,Kepulauan Bangka Belitung,0.25377976643623773,0.24426948776296672,0.2472467759299325,0.254703969870863,3
2024,Kepulauan Riau,0.2938315645110909,0.09965157404130609,0.31605262183384825,0.2904642396137548,2
2024,Lampung,0.2881212117827132,0.1352492964652774,0.2889140176850879,0.2877154740669215,2
2024,Maluku,0.20876903177028025,0.38075669428853226,0.2004135892157195,0.21006068472546802,1
2024,Maluku Utara,0.28349197199365733,0.15100876028311686,0.2820289188192239,0.28347034890400186,0
2024,Nusa Tenggara Barat,0.20410524014618422,0.4039697944001973,0.18476619147761644,0.20715877397600208,1
2024,Nusa Tenggara Timur,0.12727250850256824,0.627867867429885,0.1157192881239799,0.12914033594356691,1
2024,Papua,0.21560836977199502,0.3639883754191062,0.20283908431834205,0.21756417049055668,1
2024,Papua Barat,0.22768025544514364,0.32237873773358927,0.22129809862911443,0.2286429081921527,1
2024,Papua Barat Daya,0.1657595813111279,0.5125136043289213,0.1541281856017472,0.1675986287582035,1
2024,Papua Pegunungan,0.22589836727536963,0.32701637740561723,0.22033687430787163,0.22674838101114153,1
2024,Papua Selatan,0.22765142854457263,0.32366842920211497,0.219847813448039,0.2288323288052734,1
2024,Papua Tengah,0.24502027083634187,0.26875619676594276,0.24054966125190924,0.2456738711458062,1
2024,Riau,0.2703296056543652,0.18979944037658264,0.269537041330289,0.2703339126387631,3
2024,Sulawesi Barat,0.2991547640485623,0.11035497218317611,0.29069739030475666,0.2997928734635049,3
2024,Sulawesi Selatan,0.3126344438990291,0.051869651733363574,0.32609381749850797,0.30940208686909937,2
2024,Sulawesi Tengah,0.19332689337387274,0.43017005666327995,0.18130397390150138,0.19519907606134598,1
2024,Sulawesi Tenggara,0.28624707790689125,0.13231653816803787,0.29691007657523893,0.28452630734983203,2
2024,Sulawesi Utara,0.2554364289765049,0.24681890418248736,0.240050817042724,0.2576938497982837,3
2024,Sumatera Barat,0.2980437865543243,0.08894537150414357,0.31816204621621297,0.29484879572531925,2
2024,Sumatera Selatan,0.2846850948843369,0.16798316759822252,0.25889750663379824,0.28843423088364234,3
2024,Sumatera Utara,0.2856004770304649,0.14453238710247024,0.28433985375577275,0.285527282111292,0
2025,Aceh,0.20169866456576394,0.41218358520879206,0.1811134898721537,0.2050042603532903,1
2025,Bali,0.25429165777506874,0.24131077836424422,0.2494303937606106,0.2549671701000764,3
2025,Banten,0.24156324779148255,0.27869356834823056,0.2376049926852685,0.24213819117501842,1
2025,Bengkulu,0.25233531247674684,0.24630005331538002,0.2485049721697786,0.2528596620380945,3
2025,DKI Jakarta,0.261206346774131,0.2142306119684558,0.2637705332584466,0.2607925079989665,2
2025,Daerah Istimewa Yogyakarta,0.2794502285396816,0.1535485431948432,0.2890543203012164,0.27794690796425875,2
2025,Gorontalo,0.2552826901440672,0.2435459267340059,0.24429994186836124,0.25687144125356565,3
2025,Jambi,0.28816650775801095,0.15159962648719608,0.26959471205224306,0.29063915370255,3
2025,Jawa Barat,0.28618333970699444,0.1361510130677879,0.29270483681992604,0.2849608104052916,2
2025,Jawa Tengah,0.28198556613809994,0.13948759018234377,0.2990193052281459,0.27950753845141035,2
2025,Jawa Timur,0.2937943601991591,0.07233537095260147,0.3469438039443743,0.28692646490386514,2
2025,Kalimantan Barat,0.2798057914347496,0.16033966128659388,0.280330582265472,0.27952396501318455,2
2025,Kalimantan Selatan,0.2959595628498916,0.06981876395353687,0.3447759011797109,0.28944577201686067,2
2025,Kalimantan Tengah,0.3098553495360515,0.07512701349696646,0.3056033847139081,0.30941425225307395,0
2025,Kalimantan Timur,0.2947552674754839,0.06704749134775388,0.3506474498351284,0.2875497913416338,2
2025,Kalimantan Utara,0.2811751262450074,0.14331509760035435,0.29656989741213075,0.2789398787425075,2
2025,Kepulauan Bangka Belitung,0.2848802264039701,0.13040792023471087,0.3023791944436852,0.28233265891763387,2
2025,Kepulauan Riau,0.2865881032638638,0.13765375736949975,0.2898855363967131,0.28587260296992334,2
2025,Lampung,0.26014217364653713,0.21854591807406293,0.26139598262469904,0.25991592565470084,2
2025,Maluku,0.14224089413651966,0.5830805859190819,0.13057742398084557,0.14410109596355283,1
2025,Maluku Utara,0.28349197199365733,0.15100876028311686,0.2820289188192239,0.28347034890400186,0
2025,Nusa Tenggara Barat,0.24352629790652228,0.280330320115036,0.23075020414021963,0.24539317783822207,1
2025,Nusa Tenggara Timur,0.12012762959900421,0.6524566921608489,0.10471627422153086,0.12269940401861595,1
2025,Papua,0.17382648452992797,0.4898688047739376,0.16034554306591256,0.17595916763022185,1
2025,Papua Barat,0.22818777348858926,0.3207574547573837,0.2219215641575787,0.22913320759644829,1
2025,Papua Barat Daya,0.27407598600049243,0.172767323619687,0.2800514104159437,0.2731052799638769,2
2025,Papua Pegunungan,0.22589836727536963,0.32701637740561723,0.22033687430787163,0.22674838101114153,1
2025,Papua Selatan,0.2213087859229392,0.3454958649769999,0.2101893229020528,0.2230060261980081,1
2025,Papua Tengah,0.24502027083634187,0.26875619676594276,0.24054966125190924,0.2456738711458062,1
2025,Riau,0.28292363982386276,0.14517716003539421,0.290215318106669,0.28168388203407396,2
2025,Sulawesi Barat,0.27632964091839585,0.16905075377058823,0.27881908347975587,0.27580052183125997,2
2025,Sulawesi Selatan,0.3247580079069219,0.05388533377543478,0.2934517192855962,0.3279049390320471,3
2025,Sulawesi Tengah,0.22973894808045736,0.3170943440377947,0.22230524901061144,0.2308614588711365,1
2025,Sulawesi Tenggara,0.2837032292446731,0.1420634838539339,0.29188996090045377,0.2823433260009392,2
2025,Sulawesi Utara,0.28625082100778265,0.14288435171559544,0.28466200403162695,0.2862028232449949,0
2025,Sumatera Barat,0.29319294322261413,0.09882866135070636,0.31845941036486236,0.28951898506181717,2
2025,Sumatera Selatan,0.2754512821422946,0.16671383361002037,0.28362366840556363,0.27421121584212144,2
2025,Sumatera Utara,0.2937987714880566,0.11346392627279453,0.3002282929909924,0.2925090092481564,2
