Tahun,Provinsi,u_cluster_0,u_cluster_1,u_cluster_2,u_cluster_3,label
2019,Aceh,0.1793205048912742,0.19468552154952348,0.1940978991716752,0.43189607438752714,3
2019,Bali,0.24369486643816463,0.2539043435206065,0.2535572754100342,0.2488435146311946,1
2019,Banten,0.25327359455045273,0.2546612668832191,0.25462932546652706,0.23743581309980122,1
2019,Bengkulu,0.25594193998882125,0.2624165009155673,0.2622172680371952,0.21942429105841618,1
2019,DKI Jakarta,0.2572169146234284,0.2564935746858464,0.2565304870537345,0.22975902363699074,0
2019,Daerah Istimewa Yogyakarta,0.29875638773250146,0.27633917806045527,0.27713040563150965,0.14777402857553362,0
2019,Gorontalo,0.2846256348003155,0.28847567630082843,0.28846287672102405,0.138435812177832,1
2019,Jambi,0.21385041742116503,0.234244082002639,0.23349654407434092,0.3184089565018551,3
2019,Jawa Barat,0.27117716517530494,0.26738779093080833,0.26756327593830054,0.19387176795558614,0
2019,Jawa Tengah,0.33817491805927363,0.28275928770683856,0.2845366049109127,0.09452918932297505,0
2019,Jawa Timur,0.34162354247547816,0.28181410880577656,0.28368722359638365,0.09287512512236161,0
2019,Kalimantan Barat,0.28432935371138834,0.29105528260509017,0.29098677833407394,0.13362858534944752,1
2019,Kalimantan Selatan,0.3360166722841079,0.2818731203553494,0.28358770977875813,0.09852249758178445,0
2019,Kalimantan Tengah,0.34331037055156965,0.2891067198440569,0.2909560926903792,0.0766268169139943,0
2019,Kalimantan Timur,0.3362328689972148,0.2860199368758435,0.28770312556361544,0.09004406856332632,0
2019,Kalimantan Utara,0.29951265338900956,0.2785367569526909,0.2792876058359555,0.14266298382234396,0
2019,Kepulauan Bangka Belitung,0.2026883021510053,0.2166329725189517,0.2161107931420214,0.36456793218802164,3
2019,Kepulauan Riau,0.2626635496256905,0.29682140037701416,0.2957095078521148,0.14480554214518057,1
2019,Lampung,0.26726594861479697,0.26681203910051415,0.2668685886054543,0.19905342367923462,0
2019,Maluku,0.24694601839200542,0.28360276175543114,0.28228856644301037,0.18716265340955313,1
2019,Maluku Utara,0.25990400275609227,0.2662659095625814,0.26608398504640024,0.2077461026349262,1
2019,Nusa Tenggara Barat,0.2722015782231551,0.2689650363254675,0.2691213211991507,0.1897120642522267,0
2019,Nusa Tenggara Timur,0.09738067775781725,0.11737361965003376,0.11654866956461463,0.6686970330275344,3
2019,Papua,0.22768658720405557,0.23710763254190487,0.23676812835621727,0.2984376518978223,3
2019,Papua Barat,0.23965284868829992,0.24482816197099067,0.24464481625522427,0.2708741730854851,3
2019,Riau,0.23182626790041538,0.24514219478080226,0.24467703556090672,0.2783545017578756,3
2019,Sulawesi Barat,0.2898143130028474,0.2734411056896178,0.27403128755653866,0.16271329375099605,0
2019,Sulawesi Selatan,0.325990990311485,0.30425059678748434,0.30540654985622406,0.06435186304480664,0
2019,Sulawesi Tengah,0.2023982155927245,0.22451255593411384,0.2236788599994294,0.3494103684737322,3
2019,Sulawesi Tenggara,0.2682907760864465,0.2752175339520628,0.2750377988414875,0.18145389112000315,1
2019,Sulawesi Utara,0.286761426682293,0.2798273489915685,0.2801491161749954,0.15326210815114316,0
2019,Sumatera Barat,0.33954556111261264,0.2874219470251948,0.28916974362785897,0.08386274823433365,0
2019,Sumatera Selatan,0.2848094260912487,0.2734075501788002,0.2738460873267299,0.16793693640322116,0
2019,Sumatera Utara,0.25106356238068506,0.26907441332709386,0.2684753449704633,0.2113866793217578,1
2020,Aceh,0.2019428868554154,0.2136948929827928,0.21325085729366433,0.3711113628681275,3
2020,Bali,0.23625735033761924,0.24465303576557176,0.24435558959682485,0.2747340242999841,3
2020,Banten,0.2581790055223628,0.2577662523192466,0.2578002724888337,0.22625446966955698,0
2020,Bengkulu,0.33367468326681077,0.2866395260177986,0.2882262365759181,0.09145955413947252,0
2020,DKI Jakarta,0.259533028229545,0.257726028256525,0.2578039916336184,0.22493695188031163,0
2020,Daerah Istimewa Yogyakarta,0.30921400786163283,0.27801905559143514,0.27907311556376047,0.13369382098317156,0
2020,Gorontalo,0.3395059764697702,0.2842796457040257,0.28604893091947853,0.0901654469067255,0
2020,Jambi,0.17825316643337122,0.20148908154029752,0.2005930626573443,0.419664689368987,3
2020,Jawa Barat,0.3019656417886684,0.2837723739536558,0.28449406002777294,0.12976792422990288,0
2020,Jawa Tengah,0.327975323545381,0.29534561729432174,0.2966838358302872,0.07999522333001012,0
2020,Jawa Timur,0.33600497792007644,0.28155951038477117,0.2832832598677012,0.09915225182745115,0
2020,Kalimantan Barat,0.33228048109560226,0.28787733352882244,0.2894151231927645,0.09042706218281087,0
2020,Kalimantan Selatan,0.33406066452486827,0.28175134120020584,0.2834140655071812,0.10077392876774477,0
2020,Kalimantan Tengah,0.3324763945371215,0.29553630332794006,0.29697662663495034,0.07501067549998809,0
2020,Kalimantan Timur,0.3404597609303535,0.2827286213034821,0.2845591788256833,0.09225243894048109,0
2020,Kalimantan Utara,0.2980289702287631,0.2797496192238843,0.28043234338487544,0.14178906716247716,0
2020,Kepulauan Bangka Belitung,0.26672181132521594,0.2768916663841699,0.2766093813320608,0.17977714095855338,1
2020,Kepulauan Riau,0.2791083456262752,0.2839776173037867,0.28392494438313615,0.15298909268680197,1
2020,Lampung,0.24616234401999257,0.28022311578116904,0.27900833488993376,0.19460620530890452,1
2020,Maluku,0.17364688486933808,0.18945970310814686,0.1888532989297127,0.44804011309280245,3
2020,Maluku Utara,0.28715552010800244,0.28062935285533713,0.2809349024691697,0.15128022456749068,0
2020,Nusa Tenggara Barat,0.20995237021501614,0.22471882160544557,0.22417510912865307,0.34115369905088516,3
2020,Nusa Tenggara Timur,0.15314694656964295,0.19209801679181673,0.19047572735904164,0.4642793092794986,3
2020,Papua,0.1788760010813151,0.19625307569291064,0.19558798908099492,0.42928293414477936,3
2020,Papua Barat,0.23947919769614998,0.24542803256012366,0.24521927334235438,0.26987349640137204,3
2020,Riau,0.20632271987713688,0.21785154523408415,0.21742032416355753,0.3584054107252215,3
2020,Sulawesi Barat,0.2493338010702192,0.2551464784505927,0.25496324789582897,0.2405564725833591,1
2020,Sulawesi Selatan,0.3164790351719908,0.3060664116467185,0.30683049053719536,0.0706240626440953,0
2020,Sulawesi Tengah,0.2998416035243856,0.27979313943773204,0.28053119239068897,0.1398340646471935,0
2020,Sulawesi Tenggara,0.32824327817758403,0.2927697336648345,0.2941073492190602,0.08487963893852134,0
2020,Sulawesi Utara,0.2573214742589363,0.2560237871621316,0.2560795374601451,0.230575201118787,0
2020,Sumatera Barat,0.35067772152567345,0.2871181162186722,0.2891797003060145,0.07302446194963987,0
2020,Sumatera Selatan,0.33753242656913757,0.28591954836339895,0.28763977195668844,0.08890825311077508,0
2020,Sumatera Utara,0.3196204596371447,0.29074161771667995,0.29184122279862956,0.09779669984754585,0
2021,Aceh,0.1452431705418644,0.1624654985926828,0.16179086055151928,0.5305004703139335,3
2021,Bali,0.23857567282262382,0.2484078546864772,0.2480650541452398,0.26495141834565916,3
2021,Banten,0.2657135249661826,0.2643717714994467,0.26445741741978074,0.2054572861145899,0
2021,Bengkulu,0.27053483225145986,0.2686212958372412,0.26872404879137685,0.192119823119922,0
2021,DKI Jakarta,0.2654537255154776,0.26133715984803935,0.26150121027909756,0.21170790435738557,0
2021,Daerah Istimewa Yogyakarta,0.2797661550128587,0.2695165059039671,0.26990092028552104,0.18081641879765317,0
2021,Gorontalo,0.22991947653118514,0.23611812358004639,0.23588988386284326,0.2980725160259252,3
2021,Jambi,0.265757419411207,0.26585260484587964,0.26589076327526334,0.20249921246765007,2
2021,Jawa Barat,0.29263610494404935,0.2801514678789888,0.2806741963128274,0.14653823086413442,0
2021,Jawa Tengah,0.3150353262406138,0.2972108721659889,0.2980932850208308,0.08966051657256648,0
2021,Jawa Timur,0.3375754657859984,0.2845965963661281,0.2863317804042651,0.09149615744360834,0
2021,Kalimantan Barat,0.31906401835246595,0.2840255983198349,0.28524007422494596,0.11167030910275305,0
2021,Kalimantan Selatan,0.3426202036820006,0.2822352379505231,0.2841235188252336,0.09102103954224278,0
2021,Kalimantan Tengah,0.240589770692784,0.2690982295339031,0.26808224586470564,0.2222297539086073,1
2021,Kalimantan Timur,0.36240447654178587,0.2825950778120935,0.28501723335721785,0.06998321228890284,0
2021,Kalimantan Utara,0.2875542362729082,0.2724831155128451,0.2730229253267858,0.16693972288746087,0
2021,Kepulauan Bangka Belitung,0.23009653600196744,0.24664444032662203,0.24605360904516843,0.2772054146262421,3
2021,Kepulauan Riau,0.22894047915670965,0.24117939404637762,0.24074646136139102,0.28913366543552177,3
2021,Lampung,0.24991255885686803,0.29220072889274,0.2907056082184006,0.1671811040319913,1
2021,Maluku,0.15625605411764387,0.17270317829067272,0.17206201917296018,0.49897874841872325,3
2021,Maluku Utara,0.24502016039675198,0.2544444431100061,0.2541243513537652,0.24641104513947656,1
2021,Nusa Tenggara Barat,0.22841921306501464,0.2455524692058087,0.24494879506860104,0.2810795226605757,3
2021,Nusa Tenggara Timur,0.21701469852838393,0.2417840715904525,0.24087628471485847,0.30032494516630504,3
2021,Papua,0.20306757482882906,0.2439491178105405,0.2423305394238923,0.3106527679367382,3
2021,Papua Barat,0.21155287561662528,0.2219586557494419,0.22157072117089271,0.34491774746304005,3
2021,Riau,0.3153737219997249,0.2826339822635403,0.2837633805938307,0.11822891514290408,0
2021,Sulawesi Barat,0.2792804900156446,0.2756354728340389,0.2758374343375263,0.16924660281279022,0
2021,Sulawesi Selatan,0.3065880692847071,0.3029782157405346,0.30341853384642936,0.0870151811283289,0
2021,Sulawesi Tengah,0.20956724604798185,0.22454156524833296,0.2239890710032939,0.3419021177003913,3
2021,Sulawesi Tenggara,0.3108733952697796,0.2863980106149613,0.2873202300145187,0.1154083641007405,0
2021,Sulawesi Utara,0.28492693359286353,0.2956800873698418,0.2955080361213681,0.12388494291592661,1
2021,Sumatera Barat,0.3373589599642442,0.2858666974408963,0.28755860697051405,0.08921573562434541,0
2021,Sumatera Selatan,0.36045621623280516,0.28493804803040995,0.28731596479906124,0.06728977093772356,0
2021,Sumatera Utara,0.16832855062023724,0.18884761588051746,0.18805526498796096,0.45476856851128433,3
2022,Aceh,0.12724445241842064,0.15289310891525937,0.1518419727937528,0.5680204658725673,3
2022,Bali,0.2479419643686777,0.2545814245698624,0.25435990137817865,0.24311670968328128,1
2022,Banten,0.26706045062379474,0.266231903028686,0.2663080739411852,0.200399572406334,0
2022,Bengkulu,0.2944380585751598,0.27574810688153667,0.2764169800945354,0.15339685444876802,0
2022,DKI Jakarta,0.25662677911153114,0.264261070599845,0.264026517096166,0.2150856331924579,1
2022,Daerah Istimewa Yogyakarta,0.3050919732497087,0.2803617470418791,0.2812428146102481,0.13330346509816401,0
2022,Gorontalo,0.22017628514022156,0.24023030825276098,0.23949350361632657,0.3000999029906909,3
2022,Jambi,0.24570136553818048,0.26407462363461115,0.2634436313247688,0.22678037950243954,1
2022,Jawa Barat,0.28042327238768167,0.27615872799681124,0.276393651822341,0.16702434779316608,0
2022,Jawa Tengah,0.31205253549475864,0.2983612577257285,0.2991339681506143,0.09045223862889853,0
2022,Jawa Timur,0.3444089592115772,0.2860959509645017,0.28801642022618695,0.0814786695977341,0
2022,Kalimantan Barat,0.28777519433378224,0.28482485032932753,0.28504291099406137,0.14235704434282895,0
2022,Kalimantan Selatan,0.3446848690413433,0.284529917818419,0.28645345438799663,0.08433175875224097,0
2022,Kalimantan Tengah,0.24500000731756416,0.271602665333061,0.27066931669275923,0.2127280106566156,1
2022,Kalimantan Timur,0.3455183566653811,0.2825172113352989,0.2844814920025623,0.08748293999675773,0
2022,Kalimantan Utara,0.28756213097587746,0.27248690099173967,0.27302685865570886,0.166924109376674,0
2022,Kepulauan Bangka Belitung,0.273622268947375,0.28207956090124003,0.2818739451049341,0.16242422504645088,1
2022,Kepulauan Riau,0.2552163667284298,0.2592078488946401,0.2590922718993075,0.22648351247762258,1
2022,Lampung,0.3354267639339801,0.28466315900697925,0.28632539472115026,0.09358468233789044,0
2022,Maluku,0.30227332538056145,0.2854718642931865,0.28613058700037436,0.12612422332587775,0
2022,Maluku Utara,0.21837406457538708,0.2279506860094864,0.22759769649925987,0.3260775529158667,3
2022,Nusa Tenggara Barat,0.21604192703958977,0.23765519705389598,0.2368699301462556,0.3094329457602587,3
2022,Nusa Tenggara Timur,0.17621100940627668,0.20156345596225136,0.20057419990661549,0.4216513347248565,3
2022,Papua,0.21417958742057505,0.22386798156021923,0.223506505655383,0.3384459253638227,3
2022,Papua Barat,0.21350678329932968,0.22314693914804762,0.22278625779118766,0.340560019761435,3
2022,Papua Barat Daya,0.15151239942879177,0.16863435802072108,0.1679666674604035,0.5118865750900836,3
2022,Papua Pegunungan,0.21902360236142301,0.22720823548593613,0.2269020423723198,0.326866119780321,3
2022,Papua Selatan,0.23718486155122034,0.25411904415675685,0.2535204617924967,0.25517563249952613,3
2022,Papua Tengah,0.23944352901932045,0.24601892817908264,0.24578610226876452,0.26875144053283245,3
2022,Riau,0.24185851230428426,0.26581228579382554,0.2649770036648481,0.2273521982370421,1
2022,Sulawesi Barat,0.2792804900156446,0.2756354728340389,0.2758374343375263,0.16924660281279022,0
2022,Sulawesi Selatan,0.3339666863383621,0.2957710681103185,0.2972656063550092,0.07299663919631022,0
2022,Sulawesi Tengah,0.17509366308729318,0.19706258008521713,0.19621515940533546,0.43162859742215426,3
2022,Sulawesi Tenggara,0.32218163879269124,0.2902058471875392,0.2913987818266062,0.09621373219316331,0
2022,Sulawesi Utara,0.282707137494585,0.29458103818556497,0.29433915386886683,0.12837267045098325,1
2022,Sumatera Barat,0.3539537215389065,0.284987825325904,0.28715597415910965,0.0739024789760799,0
2022,Sumatera Selatan,0.3544325415975319,0.2834135531462532,0.28561377196887566,0.07654013328733916,0
2022,Sumatera Utara,0.2593548448494525,0.2869553541810798,0.28605910917731997,0.16763069179214765,1
2023,Aceh,0.10904658701078924,0.1302251470337702,0.12935730329563208,0.6313709626598084,3
2023,Bali,0.2535146228194276,0.2588553767435025,0.25868654475389713,0.2289434556831728,1
2023,Banten,0.2721018952471883,0.2663093660510681,0.26654578950557484,0.19504294919616874,0
2023,Bengkulu,0.3195496299550056,0.28067772778902167,0.2819696685546858,0.11780297370128705,0
2023,DKI Jakarta,0.26545720252862093,0.2613395134664215,0.2615036071614698,0.21169967684348776,0
2023,Daerah Istimewa Yogyakarta,0.2883978584818315,0.2744374493345755,0.274963029498124,0.16220166268546893,0
2023,Gorontalo,0.22417855591189634,0.2383947671304908,0.23788105700591824,0.2995456199516946,3
2023,Jambi,0.28922443772562556,0.2795029072189862,0.27992008463870305,0.15135257041668532,0
2023,Jawa Barat,0.2784212303900811,0.2738595338134537,0.2740919598312365,0.17362727596522876,0
2023,Jawa Tengah,0.3102472251956569,0.3009022095994524,0.30156887234239915,0.08728169286249159,0
2023,Jawa Timur,0.34900857448155076,0.28433904461660753,0.2863993832155077,0.08025299768633405,0
2023,Kalimantan Barat,0.29196792945674255,0.2818963192709951,0.28232734732970494,0.14380840394255737,0
2023,Kalimantan Selatan,0.3389456263230976,0.2821346771886029,0.28392924043760476,0.09499045605069469,0
2023,Kalimantan Tengah,0.26441250078854434,0.31298259825286867,0.3113543080606533,0.11125059289793371,1
2023,Kalimantan Timur,0.34028394932169276,0.28224490436582345,0.28407454431722634,0.0933966019952574,0
2023,Kalimantan Utara,0.2863435229878102,0.2731048740473397,0.27359482601754187,0.16695677694730834,0
2023,Kepulauan Bangka Belitung,0.2612227240530917,0.310556115923671,0.3088917978665767,0.1193293621566605,1
2023,Kepulauan Riau,0.3038970617158865,0.2972724399500327,0.29775175828190464,0.1010787400521761,0
2023,Lampung,0.34421764789563636,0.29184041302873914,0.2936909789317718,0.07025096014385263,0
2023,Maluku,0.2334926718612023,0.24821487978323908,0.24769633595110416,0.2705961124044545,3
2023,Maluku Utara,0.2814610817353094,0.2836246889222619,0.28365217350756566,0.15126205583486305,2
2023,Nusa Tenggara Barat,0.2544641766040048,0.2622517204444249,0.2620259118615371,0.22125819109003317,1
2023,Nusa Tenggara Timur,0.07180619296171073,0.08576278205084979,0.08518826714912255,0.757242757838317,3
2023,Papua,0.17725622510512778,0.19269398599494084,0.1921024419994879,0.43794734690044346,3
2023,Papua Barat,0.19303156155032375,0.20573764732533942,0.20525571895681888,0.395975072167518,3
2023,Papua Barat Daya,0.18231597801120103,0.1969508543826563,0.19639073152382824,0.4243424360823145,3
2023,Papua Pegunungan,0.21902360236142301,0.22720823548593613,0.2269020423723198,0.326866119780321,3
2023,Papua Selatan,0.20347080005074317,0.2156919630346335,0.21523181556213583,0.36560542135248747,3
2023,Papua Tengah,0.23944352901932045,0.24601892817908264,0.24578610226876452,0.26875144053283245,3
2023,Riau,0.19676761072665586,0.22125489501402665,0.22031847677103195,0.3616590174882855,3
2023,Sulawesi Barat,0.27928049001564464,0.2756354728340389,0.2758374343375262,0.16924660281279016,0
2023,Sulawesi Selatan,0.3262001346189895,0.30825996951500106,0.3094047078230381,0.05613518804297137,0
2023,Sulawesi Tengah,0.21572621183115742,0.2308655226595653,0.23031389430447272,0.3230943712048046,3
2023,Sulawesi Tenggara,0.32155051545487834,0.2946860313326531,0.29577125428673273,0.0879921989257359,0
2023,Sulawesi Utara,0.26359529561401485,0.28110454389613804,0.28056929197543484,0.1747308685144123,1
2023,Sumatera Barat,0.3591752339761711,0.28478340910311994,0.28710899681114055,0.06893236010956845,0
2023,Sumatera Selatan,0.32580657705641486,0.28533420079876326,0.28671852339268306,0.10214069875213884,0
2023,Sumatera Utara,0.18698527456100275,0.21045966297644142,0.20955756780752552,0.3929974946550303,3
2024,Aceh,0.12023325699798963,0.14077550400247868,0.13994698523602137,0.5990442537635103,3
2024,Bali,0.25261303591637,0.2587021979363663,0.2585088967013343,0.23017586944592944,1
2024,Banten,0.27566423933238693,0.2683081470679143,0.268601025372627,0.1874265882270718,0
2024,Bengkulu,0.31462786859632064,0.2788013413162716,0.27998467203790295,0.12658611804950476,0
2024,DKI Jakarta,0.2653166783945752,0.2612443176753783,0.26140666524155426,0.21203233868849225,0
2024,Daerah Istimewa Yogyakarta,0.2885669074441985,0.27541239564795156,0.27592220878048546,0.1600984881273644,0
2024,Gorontalo,0.20634488079760938,0.22099621993226592,0.22044809213857713,0.35221080713154757,3
2024,Jambi,0.32925484626788415,0.2929546543634919,0.29434693904027454,0.08344356032834943,0
2024,Jawa Barat,0.29502388579873334,0.28394596869713884,0.2844515264250493,0.1365786190790785,0
2024,Jawa Tengah,0.3141279201522241,0.29735933685997,0.29820816859123783,0.09030457439656796,0
2024,Jawa Timur,0.3623712552063642,0.2862154346508888,0.28865338059130197,0.06275992955144506,0
2024,Kalimantan Barat,0.290693778843206,0.27888567210667214,0.27935572666901365,0.15106482238110827,0
2024,Kalimantan Selatan,0.32758764299991233,0.28441343214515546,0.28586229389103457,0.10213663096389763,0
2024,Kalimantan Tengah,0.24081737143882226,0.27180356468727834,0.2707020082869179,0.21667705558698153,1
2024,Kalimantan Timur,0.3578142755003267,0.28386110858901575,0.2861555837699166,0.07216903214074101,0
2024,Kalimantan Utara,0.2869264095087644,0.273440833019189,0.27394038582416214,0.1656923716478844,0
2024,Kepulauan Bangka Belitung,0.2455804631298988,0.2551883103392923,0.25486183799978684,0.24436938853102208,1
2024,Kepulauan Riau,0.32139010089734604,0.28878068274283253,0.2899879658387622,0.0998412505210593,0
2024,Lampung,0.28886881421427424,0.2877231445987096,0.28789172249946887,0.1355163186875473,0
2024,Maluku,0.19846693922833347,0.21076250479195416,0.21029606653675137,0.380474489442961,3
2024,Maluku Utara,0.2814610817353094,0.28362468892226195,0.28365217350756566,0.15126205583486305,2
2024,Nusa Tenggara Barat,0.18018306965614217,0.20859843811726803,0.20749231891752334,0.40372617330906646,3
2024,Nusa Tenggara Timur,0.11321425988492409,0.13023321634138776,0.1295512989585164,0.6270012248151717,3
2024,Papua,0.19977188841166352,0.21855002711706462,0.21784566722036516,0.3638324172509067,3
2024,Papua Barat,0.21976583378661366,0.2291577066083831,0.22881200722744421,0.3222644523775591,3
2024,Papua Barat Daya,0.15151239942879177,0.16863435802072108,0.1679666674604035,0.5118865750900836,3
2024,Papua Pegunungan,0.21902360236142301,0.22720823548593613,0.2269020423723198,0.326866119780321,3
2024,Papua Selatan,0.21796958013085416,0.22945013040496326,0.22902584868424705,0.32355444077993556,3
2024,Papua Tengah,0.23944352901932045,0.24601892817908264,0.24578610226876452,0.26875144053283245,3
2024,Riau,0.26922451697591254,0.2703975378741388,0.270405391529683,0.18997255362026563,2
2024,Sulawesi Barat,0.2882068722471719,0.3006370073290012,0.3004609816294136,0.11069513879441328,1
2024,Sulawesi Selatan,0.3285155622850636,0.30900656819732003,0.31025436225801434,0.05222350725960194,0
2024,Sulawesi Tengah,0.17850632162221314,0.19619372405732588,0.19551677842829734,0.42978317589216364,3
2024,Sulawesi Tenggara,0.2993847095104795,0.2837309334342033,0.2843568405189577,0.13252751653635952,0
2024,Sulawesi Utara,0.23621893557995197,0.2588186386058478,0.25801509840114917,0.2469473274130511,1
2024,Sumatera Barat,0.3228916830345122,0.2933927145604569,0.2945494273285749,0.08916617507645594,0
2024,Sumatera Selatan,0.2525237193437213,0.2903265830634017,0.28899854437292316,0.16815115321995389,1
2024,Sumatera Utara,0.2838181047187993,0.28567927445485775,0.2857272603354701,0.14477536049087292,2
2025,Aceh,0.17628418030588622,0.20653340559844072,0.20533151049618217,0.4118509035994909,3
2025,Bali,0.2481860330920302,0.2553354076874993,0.25509781791027664,0.24138074131019388,1
2025,Banten,0.236629611570368,0.24245465625147194,0.2422500046340264,0.2786657275441336,3
2025,Bengkulu,0.24751374003564622,0.25315128612196386,0.25296734270784754,0.24636763113454235,1
2025,DKI Jakarta,0.2643588031129661,0.2605914106289366,0.2607419860434869,0.2143078002146104,0
2025,Daerah Istimewa Yogyakarta,0.29132567937264164,0.2772135954695689,0.27775705316266264,0.15370367199512677,0
2025,Gorontalo,0.24154905207634414,0.2576888218937037,0.2571248808446063,0.24363724518534596,1
2025,Jambi,0.2648448183202452,0.2920820558587193,0.2912254994142585,0.151847626406777,1
2025,Jawa Barat,0.29408866101665415,0.2845353719824649,0.28499231556751053,0.1363836514333704,0
2025,Jawa Tengah,0.30321652495646906,0.27815773408992533,0.2790397164404167,0.13958602451318897,0
2025,Jawa Timur,0.36070539204007684,0.2823597910049219,0.28473676823505495,0.07219804871994637,0
2025,Kalimantan Barat,0.2802654993802696,0.27951735096957697,0.2796343449177364,0.160582804732417,0
2025,Kalimantan Selatan,0.3572049194704039,0.28537153557925615,0.28764170784947746,0.06978183710086251,0
2025,Kalimantan Tengah,0.3038854500432641,0.31017987261273816,0.3104255172126327,0.07550916013136504,2
2025,Kalimantan Timur,0.36511389320394555,0.28274169656106984,0.28523358485240624,0.06691082538257842,0
2025,Kalimantan Utara,0.30036640963258876,0.2777126274207322,0.27850811585410473,0.1434128470925743,0
2025,Kepulauan Bangka Belitung,0.306684735184632,0.2809403253901254,0.28184740009643866,0.13052753932880382,0
2025,Kepulauan Riau,0.2904743588275064,0.28565902095498014,0.2859326457764811,0.13793397444103242,0
2025,Lampung,0.26165715366431885,0.2598166739433886,0.25990079267006727,0.2186253797222254,0
2025,Maluku,0.1280119536577333,0.145188220563697,0.14451127623591262,0.5822885495426571,3
2025,Maluku Utara,0.2814610817353094,0.28362468892226195,0.28365217350756566,0.15126205583486305,2
2025,Nusa Tenggara Barat,0.22757190671625108,0.24634974140665514,0.24568522753927194,0.2803931243378219,3
2025,Nusa Tenggara Timur,0.10124427885730702,0.12391438931617614,0.12297052044319297,0.6518708113833239,3
2025,Papua,0.1572622321512975,0.17709794972982618,0.17632393741758523,0.48931588070129095,3
2025,Papua Barat,0.22041710503876152,0.22963824999664212,0.22929871889831985,0.3206459260662765,3
2025,Papua Barat Daya,0.2814232037268939,0.2726483295983012,0.2730019407553754,0.17292652591942953,0
2025,Papua Pegunungan,0.21902360236142301,0.22720823548593613,0.2269020423723198,0.326866119780321,3
2025,Papua Selatan,0.20752165037537554,0.2238750875285347,0.2232643247064141,0.3453389373896757,3
2025,Papua Tengah,0.23944352901932045,0.24601892817908264,0.24578610226876452,0.26875144053283245,3
2025,Riau,0.2918526272047733,0.28115259993154185,0.28160824855861905,0.1453865243050658,0
2025,Sulawesi Barat,0.27928049001564464,0.2756354728340389,0.2758374343375262,0.16924660281279016,0
2025,Sulawesi Selatan,0.2852245830230443,0.330774262366053,0.32979675613272247,0.05420439847818016,1
2025,Sulawesi Tengah,0.22051257237151703,0.23144799468330876,0.2310449398570878,0.3169944930880864,3
2025,Sulawesi Tenggara,0.29375281957024973,0.2817366393949057,0.2822342095917544,0.14227633144309018,0
2025,Sulawesi Utara,0.28401748245947606,0.28637778330566666,0.28641803104907965,0.1431867031857777,2
2025,Sumatera Barat,0.3246620408741377,0.28753353130336234,0.28883980405761994,0.09896462376488004,0
2025,Sumatera Selatan,0.2855764237469292,0.2735612076092019,0.2740066978961401,0.16685567074772872,0
2025,Sumatera Utara,0.3015170550266722,0.2921190552917758,0.2926063264855769,0.11375756319597512,0
