Tahun,Provinsi,u_cluster_0,u_cluster_1,u_cluster_2,u_cluster_3,label
2019,Aceh,0.19410442025378732,0.1909422287102067,0.43240966909461764,0.18254368194138834,2
2019,Bali,0.2535630736441103,0.25163669497144575,0.24876541517535836,0.24603481620908554,0
2019,Banten,0.25459573511924244,0.2543972628397145,0.2373741138403917,0.2536328882006514,0
2019,Bengkulu,0.2621832395511505,0.2610466760403999,0.2192834240632181,0.2574866603452315,0
2019,DKI Jakarta,0.25651181117338084,0.2566985810530587,0.22969842882386454,0.25709117894969585,3
2019,Daerah Istimewa Yogyakarta,0.2771240788812752,0.28146885876820515,0.14765826336964388,0.29374879898087575,3
2019,Gorontalo,0.28818375578210714,0.28794443306122586,0.13807027174472558,0.2858015394119414,0
2019,Jambi,0.2336061582230463,0.22953499274504055,0.31849840230212184,0.21836044672979127,2
2019,Jawa Barat,0.2674673191749258,0.26837431527467,0.19371830494262132,0.2704400606077829,3
2019,Jawa Tengah,0.2850190828546007,0.295013032481302,0.09457405654239225,0.32539382812170503,3
2019,Jawa Timur,0.2843542707580134,0.2949460917597197,0.09297565641267767,0.3277239810695892,3
2019,Kalimantan Barat,0.29057021225818064,0.2899620362907559,0.13323996788149098,0.28622778356957246,0
2019,Kalimantan Selatan,0.2841362433551693,0.2938040126614708,0.09858379758735082,0.323475946396009,3
2019,Kalimantan Tengah,0.2910615406436124,0.30132090568722003,0.07652774330157407,0.33108981036759344,3
2019,Kalimantan Timur,0.28791022786190473,0.2972780996368536,0.08998961427623957,0.32482205822500215,3
2019,Kalimantan Utara,0.2792566750128533,0.2833656671701628,0.1425228429710295,0.29485481484595444,3
2019,Kepulauan Bangka Belitung,0.2161487613757238,0.21332311411273971,0.3648341452494324,0.20569397926210412,2
2019,Kepulauan Riau,0.29561366112689097,0.28933790134172055,0.14454759265514439,0.27050084487624404,0
2019,Lampung,0.26678614458511735,0.2670404563400318,0.19889688225419364,0.2672765168206572,3
2019,Maluku,0.28253172764488543,0.27530913080672187,0.1870032903377997,0.25515585121059303,0
2019,Maluku Utara,0.26602808891506186,0.26496945884141176,0.2075321951628305,0.26147025708069593,0
2019,Nusa Tenggara Barat,0.26903217641356,0.26983293879439496,0.18953961396172006,0.27159527083032503,3
2019,Nusa Tenggara Timur,0.11669744139057818,0.11233838187947666,0.6695291771555255,0.10143499957441952,2
2019,Papua,0.23678345933541572,0.23492892830467668,0.29851717926416776,0.22977043309573975,2
2019,Papua Barat,0.24464863187921934,0.24364242247352966,0.2709017181994632,0.2408072274477878,2
2019,Riau,0.24469501996403917,0.2421318061327147,0.2783431939869633,0.23482997991628288,2
2019,Sulawesi Barat,0.2740012115720372,0.2772250047254931,0.1625831214525611,0.2861906622499085,3
2019,Sulawesi Selatan,0.30414151711868437,0.30999682882197255,0.06395600196022226,0.3219056520991208,3
2019,Sulawesi Tengah,0.22384266198435962,0.21933406846846037,0.3495976683831796,0.20722560116400035,2
2019,Sulawesi Tenggara,0.2749274487678217,0.2738474883949691,0.18119914648744517,0.27002591634976403,0
2019,Sulawesi Utara,0.2799693712012261,0.2816358831196009,0.1529663206689814,0.2854284250101915,3
2019,Sumatera Barat,0.2893815963895865,0.29911017135463425,0.08379853089608019,0.32770970135969907,3
2019,Sumatera Selatan,0.27375542467612396,0.2761147891730005,0.16777719304656002,0.28235259310431554,3
2019,Sumatera Utara,0.2684649255080683,0.26511613341278795,0.2112002728481728,0.25521866823097095,0
2020,Aceh,0.21326437454454872,0.2108677607234589,0.37142595406916207,0.20444191066283032,2
2020,Bali,0.24437413289361012,0.24274159447519675,0.2747432483474143,0.2381410242837788,2
2020,Banten,0.2577607824378399,0.25792100062596496,0.22617638756966107,0.258141829366534,3
2020,Bengkulu,0.2883970901151439,0.29721142874981493,0.09138609556180696,0.3230053855732342,3
2020,DKI Jakarta,0.257777086651269,0.2581859370590845,0.2248646258046462,0.2591723504850002,3
2020,Daerah Istimewa Yogyakarta,0.2791926677546239,0.2850411070584633,0.13363437304740355,0.3021318521395092,3
2020,Gorontalo,0.2865448864535074,0.2964955682735452,0.09018719214911246,0.32677235312383496,3
2020,Jambi,0.20075476810507467,0.19593726017968688,0.4200822143719562,0.1832257573432822,2
2020,Jawa Barat,0.2842581554555083,0.28811815249065137,0.12954566343835436,0.29807802861548593,3
2020,Jawa Tengah,0.2960389009350212,0.3031669805690871,0.07970808729749863,0.3210860311983931,3
2020,Jawa Timur,0.2838337826926722,0.29355362147336034,0.09922277922605043,0.3233898166079171,3
2020,Kalimantan Barat,0.28944636047841105,0.29794440609048634,0.09028969824233042,0.3223195351887722,3
2020,Kalimantan Selatan,0.2839249955434055,0.2932931089502992,0.10081743177698968,0.32196446372930565,3
2020,Kalimantan Tengah,0.29648513910139057,0.3042394251474101,0.07474205252017438,0.324533383231025,3
2020,Kalimantan Timur,0.28513072230518705,0.2954523562490437,0.09231653403203366,0.32710038741373554,3
2020,Kalimantan Utara,0.28032506551147107,0.2840243833978367,0.14161813194838127,0.29403241914231093,3
2020,Kepulauan Bangka Belitung,0.2764701792351034,0.2748087122753612,0.17951789061788123,0.2692032178716541,0
2020,Kepulauan Riau,0.2836462267042005,0.2831916762455138,0.15267521691694086,0.28048688013334494,0
2020,Lampung,0.2792082187055568,0.2725262875068959,0.1944623620779254,0.25380313170962193,0
2020,Maluku,0.18886278560118006,0.18560220372675523,0.44857468818723706,0.17696032248482765,2
2020,Maluku Utara,0.2807548213930853,0.28233165290465523,0.15102124330328995,0.2858922823989694,3
2020,Nusa Tenggara Barat,0.2242279176507201,0.22127267720174032,0.34131116317183324,0.21318824197570635,2
2020,Nusa Tenggara Timur,0.1911824104158372,0.18260653901769344,0.4648939485090992,0.1613171020573702,2
2020,Papua,0.19563346090558606,0.19205404130608128,0.42975943957640084,0.18255305821193185,2
2020,Papua Barat,0.24522332236110522,0.2440749982799651,0.26988603404788036,0.24081564531104924,2
2020,Riau,0.21743392371062487,0.2151008132683556,0.35867001538994814,0.2087952476310714,2
2020,Sulawesi Barat,0.25493419108548493,0.2538977300294344,0.2404613455865784,0.25070673329850235,0
2020,Sulawesi Selatan,0.30560139494085997,0.30927545076154134,0.07019765672894329,0.31492549756865534,3
2020,Sulawesi Tengah,0.2804456909678827,0.2844605641093942,0.13964720287518106,0.29544654204754206,3
2020,Sulawesi Tenggara,0.2937975902001385,0.3010444444674548,0.08464602579685129,0.3205119395355554,3
2020,Sulawesi Utara,0.25606377981261985,0.2563565045799837,0.2305144574261016,0.2570652581812949,3
2020,Sumatera Barat,0.28964929897157216,0.3012224486677468,0.0730151581131213,0.33611309424755975,3
2020,Sumatera Selatan,0.2878828193791906,0.2974688786313556,0.08887044018451618,0.3257778618049376,3
2020,Sumatera Utara,0.29157269243543876,0.2975123035656146,0.09757066356503927,0.31334434043390735,3
2021,Aceh,0.16176648879140026,0.1581587833933603,0.5313190711632129,0.14875565665202659,2
2021,Bali,0.24808265808202526,0.24619296039386043,0.2649222608294518,0.24080212069466253,2
2021,Banten,0.2643733468844409,0.26479162502641174,0.20531805393423289,0.26551697415491443,3
2021,Bengkulu,0.2686611821747959,0.26917616007527223,0.19194952689339187,0.27021313085654003,3
2021,DKI Jakarta,0.26146246740723705,0.2623385635533893,0.21160844479699334,0.2645905242423803,3
2021,Daerah Istimewa Yogyakarta,0.26985135487140705,0.2719326086015709,0.1806714285891904,0.2775446079378316,3
2021,Gorontalo,0.23589993218940963,0.23466033585427606,0.29817066019499483,0.23126907176131944,2
2021,Jambi,0.26580460324690436,0.26595640644292323,0.20234750998263423,0.2658914803275382,1
2021,Jawa Barat,0.2804444706553058,0.28320780993250083,0.14631020629501662,0.2900375131171767,3
2021,Jawa Tengah,0.2972975372373552,0.30181879082916035,0.08931295208309788,0.31157071985038676,3
2021,Jawa Timur,0.2866800931501359,0.2963881247617617,0.09149291490423256,0.3254388671838699,3
2021,Kalimantan Barat,0.2852779927044966,0.2919795614879966,0.1115552949218318,0.3111871508856749,3
2021,Kalimantan Selatan,0.2848084045747719,0.29548999567852174,0.09111710688381121,0.3285844928628951,3
2021,Kalimantan Tengah,0.2682416580764224,0.2626582534909351,0.22209927005426983,0.24700081837837265,0
2021,Kalimantan Timur,0.28614538773228065,0.29996453089757896,0.070144011089831,0.3437460702803094,3
2021,Kalimantan Utara,0.2730070325791101,0.275960038625658,0.16682002825423536,0.2842129005409966,3
2021,Kepulauan Bangka Belitung,0.24613607072602783,0.24289701462854324,0.27714230241023363,0.23382461223519527,2
2021,Kepulauan Riau,0.2407674877159993,0.2383907891442366,0.28915702970011886,0.2316846934396453,2
2021,Lampung,0.29092916156696125,0.28267391767104266,0.16700372109182826,0.25939319967016783,0
2021,Maluku,0.17204139703037122,0.16860840086624151,0.4997237703434535,0.1596264317599337,2
2021,Maluku Utara,0.25413662051231184,0.2523599399894823,0.24631359024557356,0.24718984925263235,0
2021,Nusa Tenggara Barat,0.2450080464208379,0.24168785898530873,0.281012248891001,0.23229184570285236,2
2021,Nusa Tenggara Timur,0.24103464639383868,0.23608773000476632,0.3003697734210874,0.22250785018030766,2
2021,Papua,0.24295248246232923,0.23428480024043524,0.3108738430783544,0.21188887421888117,2
2021,Papua Barat,0.22158769134558823,0.21948712678910584,0.34512958552772416,0.21379559633758183,2
2021,Riau,0.2838232616761981,0.29006314765277613,0.11809948772393808,0.3080141029470877,3
2021,Sulawesi Barat,0.27566310656488163,0.2766736311634778,0.16900811736528928,0.27865514490635124,3
2021,Sulawesi Selatan,0.30250199774663866,0.3044981455132985,0.0865925351856864,0.30640732155437633,3
2021,Sulawesi Tengah,0.22404221739213348,0.22104097464910516,0.34207280528481815,0.21284400267394324,2
2021,Sulawesi Tenggara,0.28713542836926476,0.2921271185773537,0.11519805401706161,0.30553939903631994,3
2021,Sulawesi Utara,0.2949901885114806,0.29375400716290695,0.12346765698457755,0.28778814734103486,0
2021,Sumatera Barat,0.2878860256348213,0.29734669106313333,0.08917793855651893,0.3255893447455265,3
2021,Sumatera Selatan,0.2880857743020571,0.3015417302750737,0.06734904942804354,0.3430234459948257,3
2021,Sumatera Utara,0.18814897447066536,0.18389267417678287,0.45528482269940035,0.1726735286531514,2
2022,Aceh,0.1521392532688854,0.14657033795241617,0.5687245742244827,0.13256583455421558,2
2022,Bali,0.25435714803657217,0.25312164181006735,0.2430435103430556,0.2494776998103049,0
2022,Banten,0.2662030561506116,0.26655764550210714,0.2002394662018786,0.2669998321454027,3
2022,Bengkulu,0.2763958487251825,0.2800559984621444,0.1532556985119296,0.2902924543007434,3
2022,DKI Jakarta,0.263983277156436,0.2626447289240923,0.21492538893588226,0.25844660498358946,0
2022,Daerah Istimewa Yogyakarta,0.2812109634147983,0.28604019761620975,0.13315782536039822,0.2995910136085937,3
2022,Gorontalo,0.23962123021760393,0.2356105078785485,0.3001467886334256,0.22462147327042198,2
2022,Jambi,0.2634845120757095,0.259987229275248,0.22663047984335266,0.24989777880568995,0
2022,Jawa Barat,0.2761808318971909,0.2773591325123128,0.16677886376046133,0.27968117183003494,3
2022,Jawa Tengah,0.29823775033114824,0.30210608706491393,0.0900759155206961,0.30958024708324183,3
2022,Jawa Timur,0.2883542709527817,0.2990908322753783,0.08146954429308405,0.331085352478756,3
2022,Kalimantan Barat,0.28476083914779793,0.2858068202676738,0.14202876344476215,0.28740357713976605,3
2022,Kalimantan Selatan,0.2869939339181838,0.2978252827876472,0.08435129320545262,0.3308294900887164,3
2022,Kalimantan Tengah,0.27078671143455435,0.26563666110930134,0.21255563584957152,0.25102099160657276,0
2022,Kalimantan Timur,0.28521235852794724,0.296334933400243,0.0875812734708134,0.3308714346009964,3
2022,Kalimantan Utara,0.27301095150349564,0.2759647667953191,0.1668043999387414,0.2842198817624439,3
2022,Kepulauan Bangka Belitung,0.2816964757036163,0.2804340032442496,0.1621071753780334,0.27576234567410074,0
2022,Kepulauan Riau,0.2590563785738285,0.25838705963005376,0.22636257798766105,0.2561939838084567,0
2022,Lampung,0.2866661446949724,0.2959661968581184,0.09356776889997964,0.3237998895469295,3
2022,Maluku,0.2859513609342347,0.289482450712589,0.12588618817001737,0.29868000018315904,3
2022,Maluku Utara,0.22761183344845537,0.22569502197528332,0.3262379133561885,0.22045523122007277,2
2022,Nusa Tenggara Barat,0.23699003424677687,0.23270283894463087,0.30945314366607923,0.22085398314251298,2
2022,Nusa Tenggara Timur,0.20080735884624729,0.1955025623397323,0.4220558868796804,0.18163419193434,2
2022,Papua,0.22351708425407832,0.22156000588207625,0.33866223864682843,0.216260671217017,2
2022,Papua Barat,0.22279879141890332,0.22084742748952788,0.3407787858058709,0.21557499528569787,2
2022,Papua Barat Daya,0.16795031533298022,0.16437562995462016,0.5126489605120363,0.1550250942003633,2
2022,Papua Pegunungan,0.22691338183053655,0.22525694757106363,0.3270486560980735,0.2207810145003264,2
2022,Papua Selatan,0.25358713579388337,0.25029607252783653,0.25510928429043683,0.24100750738784324,2
2022,Papua Tengah,0.2458007520675707,0.24452257354455148,0.2687573672478303,0.2409193071400475,2
2022,Riau,0.2650712361121039,0.26045854820703557,0.22716564797769248,0.24730456770316805,0
2022,Sulawesi Barat,0.27566310656488163,0.2766736311634778,0.16900811736528928,0.27865514490635124,3
2022,Sulawesi Selatan,0.29673557647402576,0.3047769173567541,0.07272398568827285,0.32576352048094726,3
2022,Sulawesi Tengah,0.19635795161153716,0.19180273632639322,0.43205301326160445,0.17978629880046518,2
2022,Sulawesi Tenggara,0.29117179358102313,0.29764592445223254,0.09600112990372964,0.3151811520630148,3
2022,Sulawesi Utara,0.29392412684266206,0.29234349752792643,0.1279648104866236,0.2857675651427879,0
2022,Sumatera Barat,0.287889856592138,0.3001517995604419,0.07396348810017515,0.3379948557472449,3
2022,Sumatera Selatan,0.28647457715771174,0.29896101054814267,0.076644348539109,0.3379200637550366,3
2022,Sumatera Utara,0.2859792276965455,0.2809248804479293,0.1673732967371014,0.2657225951184238,0
2023,Aceh,0.12952005338874492,0.12492585451001452,0.6321830027025857,0.11337108939865492,2
2023,Bali,0.2586703105313781,0.2577145685932011,0.22883521306336488,0.2547799078120559,0
2023,Banten,0.26647122581888893,0.2677266329401884,0.19490908038955956,0.2708930608513632,3
2023,Bengkulu,0.28217888615394054,0.2893768475458854,0.11776667236046244,0.31067759393971167,3
2023,DKI Jakarta,0.2614648554474146,0.2623411844241687,0.21160020012319855,0.2645937600052181,3
2023,Daerah Istimewa Yogyakarta,0.2748760777801917,0.27771938909070926,0.16204154014434793,0.2853629929847511,3
2023,Gorontalo,0.2379398537994324,0.23513371688432477,0.2995811736950125,0.22734525562123037,2
2023,Jambi,0.2797273866247038,0.2819185628524215,0.1511246429623936,0.2872294075604811,3
2023,Jawa Barat,0.27391434958506683,0.2750959757254818,0.17340709030535714,0.27758258438409417,3
2023,Jawa Tengah,0.3005379440007382,0.30375827296101215,0.0868706200021098,0.3088331630361398,3
2023,Jawa Timur,0.2869976687691295,0.2986079630811042,0.08031376143507052,0.33408060671469564,3
2023,Kalimantan Barat,0.282136685675169,0.2844052642249778,0.14354246120768854,0.2899155888921647,3
2023,Kalimantan Selatan,0.2845155137789208,0.29464379801341356,0.0950534326174816,0.32578725559018396,3
2023,Kalimantan Tengah,0.3113748609646161,0.3022272253052319,0.11100588244549753,0.2753920312846545,0
2023,Kalimantan Timur,0.2846853718868858,0.295014448854841,0.09347671601694656,0.32682346324132655,3
2023,Kalimantan Utara,0.27354438023486466,0.27620522582535073,0.16679373450588458,0.2834566594339001,3
2023,Kepulauan Bangka Belitung,0.30893775552997466,0.2996072733394674,0.11909360506685653,0.2723613660637014,0
2023,Kepulauan Riau,0.2970388874972586,0.2993499463359939,0.10066303010525378,0.30294813606149373,3
2023,Lampung,0.29358006659633634,0.30376958243309177,0.07009446320143259,0.3325558877691393,3
2023,Maluku,0.24774451153927443,0.24489259091420315,0.27054259376187306,0.2368203037846493,2
2023,Maluku Utara,0.28341606344615466,0.2834231817463408,0.1509537644227241,0.2822069903847804,1
2023,Nusa Tenggara Barat,0.26194270876319603,0.26063452882079496,0.22107065839971066,0.25635210401629843,0
2023,Nusa Tenggara Timur,0.08513747514741264,0.08210584805596026,0.7582483466094854,0.07450833018714179,2
2023,Papua,0.19211302208446693,0.18893144275062396,0.4384615941340157,0.18049394103089345,2
2023,Papua Barat,0.2052601684000085,0.20266187546070338,0.3963622070720436,0.19571574906724443,2
2023,Papua Barat Daya,0.19639657709013683,0.19338319885060518,0.4248358958375517,0.1853843282217063,2
2023,Papua Pegunungan,0.22691338183053655,0.22525694757106363,0.3270486560980735,0.2207810145003264,2
2023,Papua Selatan,0.21525171869597434,0.2127659061146141,0.3658999079690564,0.20608246722035523,2
2023,Papua Tengah,0.2458007520675707,0.24452257354455148,0.2687573672478303,0.2409193071400475,2
2023,Riau,0.22054474616254155,0.21549704050010993,0.3618666971366682,0.20209151620068042,2
2023,Sulawesi Barat,0.27566310656488174,0.2766736311634778,0.16900811736528923,0.27865514490635124,3
2023,Sulawesi Selatan,0.3077426607646521,0.31337280049185917,0.05571304367592526,0.32317149506756343,3
2023,Sulawesi Tengah,0.23036928394125036,0.22736253213584545,0.32319745011883033,0.2190707338040739,2
2023,Sulawesi Tenggara,0.2953290461953357,0.30112282502857307,0.08768157058052994,0.3158665581955613,3
2023,Sulawesi Utara,0.2804555248603432,0.2773910481895831,0.17440432882578666,0.26774909812428704,0
2023,Sumatera Barat,0.2879348005452433,0.30110944203879736,0.06901483740833797,0.3419409200076214,3
2023,Sumatera Selatan,0.28681340923441073,0.29448116957771237,0.10202035950358637,0.31668506168429056,3
2023,Sumatera Utara,0.20973857927205886,0.20488336854077413,0.3933399031021101,0.19203814908505695,2
2024,Aceh,0.14004069042719272,0.13563912585987384,0.5998918093974372,0.12442837431549622,2
2024,Bali,0.25848803217433564,0.25739523222458005,0.23006689080058584,0.25404984480049847,0
2024,Banten,0.2685221737177839,0.27008605145385267,0.18728262934125947,0.2741091454871039,3
2024,Bengkulu,0.280203689033857,0.28680491643524847,0.12655874547872695,0.3064326490521676,3
2024,DKI Jakarta,0.26136827087003645,0.26223520339788164,0.21193355717767742,0.26446296855440454,3
2024,Daerah Istimewa Yogyakarta,0.2757990670981001,0.2785392946559437,0.15992155157702267,0.2857400866689335,3
2024,Gorontalo,0.22050686336582617,0.21753925713371494,0.3524326216862339,0.20952125781422495,2
2024,Jambi,0.29394164465346806,0.30146222296294534,0.08320016269027938,0.32139596969330725,3
2024,Jawa Barat,0.28412846592265073,0.2867547673756042,0.13630731054260073,0.29280945615914433,3
2024,Jawa Tengah,0.29740559168555997,0.301737454672656,0.08994688402704258,0.31091006961474144,3
2024,Jawa Timur,0.2892926072365209,0.303033447999518,0.06280294950909605,0.34487099525486503,3
2024,Kalimantan Barat,0.2792253445599312,0.28173839572674225,0.15083093467841582,0.28820532503491075,3
2024,Kalimantan Selatan,0.2860465474636468,0.29410733578301995,0.10205785569441657,0.31778826105891667,3
2024,Kalimantan Tengah,0.27086965144375375,0.2648099720076937,0.2165352663368897,0.2477851102116629,0
2024,Kalimantan Timur,0.28703815050820763,0.3000552345029158,0.0722827167874078,0.34062389820146866,3
2024,Kalimantan Utara,0.2738869783575377,0.2765994669005017,0.16552728225032418,0.2839862724916364,3
2024,Kepulauan Bangka Belitung,0.25488233608912003,0.2530701841744918,0.24424797741085358,0.24779950232553463,0
2024,Kepulauan Riau,0.2897833010021311,0.296353498408471,0.09961000718577637,0.3142531934036215,3
2024,Lampung,0.2875711887923736,0.28832170494717113,0.1351912033093528,0.28891590295110237,3
2024,Maluku,0.210311584637154,0.207796589436489,0.3808174828364343,0.20107434308992275,2
2024,Maluku Utara,0.28341606344615466,0.2834231817463408,0.1509537644227241,0.2822069903847804,1
2024,Nusa Tenggara Barat,0.207802098099726,0.20186364937526194,0.4040242662604045,0.18630998626460757,2
2024,Nusa Tenggara Timur,0.1294910237258463,0.12586674242356888,0.6280550465815027,0.11658718726908218,2
2024,Papua,0.21795933667549275,0.21414804540436877,0.36402237653457253,0.2038702413855659,2
2024,Papua Barat,0.22883032249404509,0.22695251002299616,0.3224032168223681,0.2218139506605907,2
2024,Papua Barat Daya,0.16795031533298022,0.16437562995462016,0.5126489605120363,0.1550250942003633,2
2024,Papua Pegunungan,0.22691338183053655,0.22525694757106363,0.3270486560980735,0.2207810145003264,2
2024,Papua Selatan,0.22906529293057318,0.2267621911102443,0.32369309023167414,0.22047942572750834,2
2024,Papua Tengah,0.2458007520675707,0.24452257354455148,0.2687573672478303,0.2409193071400475,2
2024,Riau,0.2703147898483772,0.2702897114057566,0.1897618876008142,0.269633611145052,0
2024,Sulawesi Barat,0.29977060938821254,0.298431912135074,0.11028112362947934,0.29151635484723415,0
2024,Sulawesi Selatan,0.30841542973030783,0.31455892942085084,0.05179085546708319,0.3252347853817582,3
2024,Sulawesi Tengah,0.19556821744766,0.19192454047894428,0.43025396439523395,0.18225327767816177,2
2024,Sulawesi Tenggara,0.28415815024617863,0.2874999549606112,0.13227047162933772,0.29607142316387247,3
2024,Sulawesi Utara,0.2581469256376555,0.2537320401188809,0.24679192501706942,0.24132910922639428,0
2024,Sumatera Barat,0.29416364579808135,0.3003772555322655,0.08889687504285204,0.31656222362680114,3
2024,Sumatera Selatan,0.28917908739909565,0.28183757170401197,0.1679489421259993,0.2610343987708931,0
2024,Sumatera Utara,0.285456231867577,0.2855605990790144,0.1444797547585855,0.28450341429482306,1
2025,Aceh,0.20571005261496364,0.1992892860688104,0.41225782817352863,0.18274283314269732,2
2025,Bali,0.2550936174838369,0.2537672322188869,0.2412958519816827,0.24984329831559351,0
2025,Banten,0.242246852363492,0.24112210612223378,0.27869949096895774,0.23793155054531642,2
2025,Bengkulu,0.25295610511071287,0.25192553044685184,0.24628539393641988,0.2488329705060155,0
2025,DKI Jakarta,0.26070602536993537,0.261509638621033,0.2142138496959167,0.26357048631311497,3
2025,Daerah Istimewa Yogyakarta,0.27763592260115916,0.28056146129951387,0.15351483189176807,0.2882877842075589,3
2025,Gorontalo,0.25718327864933666,0.2540731210284907,0.24352685333547305,0.24521674698669965,0
2025,Jambi,0.29107442660435784,0.286198152374203,0.1515470987097976,0.2711803223116415,0
2025,Jawa Barat,0.28465968061818214,0.2870115797008797,0.13610013851108024,0.2922286011698579,3
2025,Jawa Tengah,0.2790359717980453,0.28388353325613486,0.1394665349897534,0.2976139599560665,3
2025,Jawa Timur,0.2858501083709061,0.29940873123639394,0.07236781440320912,0.3423733459894909,3
2025,Kalimantan Barat,0.27942617396465425,0.27994740700587484,0.16028660476756929,0.2803398142619016,3
2025,Kalimantan Selatan,0.2883563415308689,0.3011858875592482,0.06982830110854443,0.34062946980133846,3
2025,Kalimantan Tengah,0.3090483016200898,0.30975245027883525,0.07504317181636089,0.30615607628471403,1
2025,Kalimantan Timur,0.2864255960206794,0.30065401454704477,0.06707978011651158,0.3458406093157643,3
2025,Kalimantan Utara,0.2785168356667067,0.2828898057420899,0.1432942597193832,0.29529909887182026,3
2025,Kepulauan Bangka Belitung,0.28184881333728856,0.2868319545649268,0.13038226837685749,0.30093696372092715,3
2025,Kepulauan Riau,0.2856842742192888,0.2870496975672671,0.1375924641165531,0.28967356409689093,3
2025,Lampung,0.25986502143701085,0.26030115153368377,0.21852867768140408,0.26130514934790133,3
2025,Maluku,0.14444935079926746,0.14083612983213156,0.5832512680324408,0.13146325133616021,2
2025,Maluku Utara,0.28341606344615466,0.2834231817463408,0.1509537644227241,0.2822069903847804,1
2025,Nusa Tenggara Barat,0.24576169879830664,0.2421101412256793,0.2803172397409102,0.23181092023510386,2
2025,Nusa Tenggara Timur,0.12324830105791591,0.11826763836638808,0.6525854917729448,0.10589856880275124,2
2025,Papua,0.17638027221958996,0.17223456512574967,0.4899888321350895,0.16139633051957095,2
2025,Papua Barat,0.22931740349226595,0.22747321089592396,0.320781347102715,0.22242803850909515,2
2025,Papua Barat Daya,0.27289899334320816,0.27478320308994136,0.17273262391611224,0.27958517965073815,3
2025,Papua Pegunungan,0.22691338183053655,0.22525694757106363,0.3270486560980735,0.2207810145003264,2
2025,Papua Selatan,0.22334567182661055,0.2200374118852228,0.34553015742622106,0.2110867588619457,2
2025,Papua Tengah,0.2458007520675707,0.24452257354455148,0.2687573672478303,0.2409193071400475,2
2025,Riau,0.2814061338479836,0.2838053548348376,0.14513146709998423,0.2896570442171946,3
2025,Sulawesi Barat,0.27566310656488174,0.2766736311634778,0.16900811736528923,0.27865514490635124,3
2025,Sulawesi Selatan,0.3281677705755646,0.3217714858381259,0.05381799211681444,0.29624275146949497,0
2025,Sulawesi Tengah,0.23108290117869806,0.22889326829695858,0.3171160090015251,0.22290782152281824,2
2025,Sulawesi Tenggara,0.28204552054241955,0.28468128367956125,0.14201704089798803,0.29125615488003115,3
2025,Sulawesi Utara,0.28613340517163066,0.28618586914247923,0.14281832380178286,0.2848624018841073,1
2025,Sumatera Barat,0.28881692001880394,0.2960058575217542,0.09879924770145584,0.316377974757986,3
2025,Sumatera Selatan,0.2739666423710814,0.2763850497336388,0.16668312915530198,0.2829651787399777,3
2025,Sumatera Utara,0.292174830698035,0.2946467228572087,0.11339950583385902,0.29977894061089716,3
