Tahun,Provinsi,u_cluster_0,u_cluster_1,u_cluster_2,u_cluster_3,label
2019,Aceh,0.1842545921370496,0.1893544771494378,0.19381977556515773,0.43257115514835487,3
2019,Bali,0.2472334726628181,0.25063188833353195,0.25339377312373096,0.24874086587991895,2
2019,Banten,0.2538074012252243,0.25426910006289766,0.2545688470289163,0.23735465168296166,2
2019,Bengkulu,0.2582648939497854,0.26042250758668484,0.26207343165971314,0.21923916680381658,2
2019,DKI Jakarta,0.25701819893433153,0.2567787705511848,0.2565236229458008,0.22967940756868288,0
2019,Daerah Istimewa Yogyakarta,0.2911589848088713,0.2837082524974692,0.27751058438395393,0.14762217830970556,0
2019,Gorontalo,0.28633689746418617,0.2876227625663044,0.28808501259922614,0.13795532737028332,2
2019,Jambi,0.22070690110776664,0.2274922475816702,0.2332741761276841,0.318526675182879,3
2019,Jawa Barat,0.2700333390616667,0.2687748250623223,0.26752175411192275,0.19367008176408815,0
2019,Jawa Tengah,0.31888464273497047,0.3004770292132972,0.286049933836147,0.09458839421558535,0
2019,Jawa Timur,0.3206756436917273,0.30082554910458453,0.28549162251086896,0.09300718469281918,0
2019,Kalimantan Barat,0.2871184858927962,0.28936514223532833,0.29039888042401424,0.13311749144786122,2
2019,Kalimantan Selatan,0.3171059618879593,0.29913377220037424,0.28515718340387947,0.09860308250778693,0
2019,Kalimantan Tengah,0.3247799398733771,0.3067142369918557,0.2920082466428714,0.07649757649189573,0
2019,Kalimantan Timur,0.31896242896002397,0.30225834124744744,0.28880611497251363,0.08997311482001509,0
2019,Kalimantan Utara,0.2924390075874906,0.28546655842042945,0.2796153088051533,0.14247912518692668,0
2019,Kepulauan Bangka Belitung,0.20727228139123463,0.21190440598155114,0.2159054060031103,0.3649179066241039,3
2019,Kepulauan Riau,0.274532482035949,0.28597024563648754,0.2950313182630644,0.14446595406449908,2
2019,Lampung,0.2672567972604417,0.2671091302887492,0.2667863962570533,0.19884767619375573,0
2019,Maluku,0.2594197077049117,0.2716652234458543,0.2819614526272508,0.1869536162219832,2
2019,Maluku Utara,0.26224847455438116,0.2643671024029651,0.2659194771917555,0.20746494585089814,2
2019,Nusa Tenggara Barat,0.2712547832452468,0.2701804288959406,0.2690793103152551,0.1894854775435575,0
2019,Nusa Tenggara Timur,0.10361843506203916,0.1102447198166159,0.11634286185640143,0.6697939832649435,3
2019,Papua,0.23085271418967265,0.23398332263620564,0.2366218230126596,0.2985421401614622,3
2019,Papua Barat,0.24140470878208073,0.24312509327058668,0.24455983617933363,0.27091036176799904,3
2019,Riau,0.23637885842777262,0.2408097974479049,0.24447188065192502,0.2783394634723975,3
2019,Sulawesi Barat,0.2843088579924382,0.27886761590308706,0.27428107543441554,0.16254245067005918,0
2019,Sulawesi Selatan,0.3195801343408139,0.3122882220075644,0.3042994278466197,0.06383221580500195,0
2019,Sulawesi Tengah,0.20975097621565833,0.21710560020729933,0.22348624235407374,0.34965718122296857,3
2019,Sulawesi Tenggara,0.2708830933231578,0.2731960694707073,0.27480176272896273,0.1811190744771722,2
2019,Sulawesi Utara,0.2846854842232243,0.28237249759371413,0.28006846787769774,0.15287355030536373,0
2019,Sumatera Barat,0.3216277225577663,0.30428198126650186,0.2903112699547417,0.0837790262209901,0
2019,Sumatera Selatan,0.2810606255278549,0.27727132853681563,0.273940903830362,0.16772714210496745,0
2019,Sumatera Utara,0.2573439416568809,0.2633489820903163,0.2681654599771421,0.2111416162756607,2
2020,Aceh,0.20576095214102683,0.20966245165669373,0.21305179638638974,0.3715247998158897,3
2020,Bali,0.23911407684063918,0.24190590463502418,0.24423386557126722,0.27474615295306937,3
2020,Banten,0.2581100615171609,0.2579737932959631,0.2577643228052536,0.22615182238162237,0
2020,Bengkulu,0.3175230513865331,0.30187987657184967,0.289233482910179,0.09136358913143829,0
2020,DKI Jakarta,0.2589759788228994,0.258375741885733,0.25780637936720396,0.22484189992416367,0
2020,Daerah Istimewa Yogyakarta,0.29849842916856817,0.2881362934471768,0.27974931702763217,0.13361596035662276,0
2020,Gorontalo,0.320286858483031,0.30194268874940716,0.28757621901385766,0.09019423375370417,0
2020,Jambi,0.18584775516739627,0.19356992402445045,0.2003680443420949,0.4202142764660583,3
2020,Jawa Barat,0.29602174816439236,0.28996637798626407,0.28453571288814244,0.12947616096120107,0
2020,Jawa Tengah,0.31740233422433345,0.30648969516952057,0.2964891435598674,0.0796188270462785,0
2020,Jawa Timur,0.31698332404870827,0.2989119249814188,0.28485979687566,0.09924495409421294,0
2020,Kalimantan Barat,0.3171662145927419,0.30237206497094565,0.2902144056899693,0.09024731474634302,0
2020,Kalimantan Selatan,0.31581423637428385,0.2984461649261668,0.284908427070475,0.10083117162907439,0
2020,Kalimantan Tengah,0.3203263122758153,0.30797873871528886,0.29703631088160504,0.0746586381272908,0
2020,Kalimantan Timur,0.3203089960766689,0.30113757961062154,0.28621661548220345,0.09233680883050609,0
2020,Kalimantan Utara,0.2919438178859952,0.28586618478461573,0.2806252762670126,0.14156472106237647,0
2020,Kepulauan Bangka Belitung,0.2704421789647946,0.273836949144839,0.2762845745889692,0.17943629730139712,2
2020,Kepulauan Riau,0.28113373568752364,0.28276185007513804,0.28352801023710955,0.15257640400022873,2
2020,Lampung,0.2577673502189548,0.26914223179526964,0.27867299015530556,0.1944174278304701,2
2020,Maluku,0.17871979972167865,0.18396744660707662,0.18856995731389276,0.448742796357352,3
2020,Maluku Utara,0.2851923909403129,0.283022032520008,0.2808455564075258,0.15094002013215324,0
2020,Nusa Tenggara Barat,0.2148765046893818,0.21978460470220668,0.22397829893362156,0.34136059167479,3
2020,Nusa Tenggara Timur,0.1656710509608092,0.17862085019125015,0.19061421737026926,0.4650938814776714,3
2020,Papua,0.18449873438489497,0.1902686477225068,0.19532309565249606,0.4299095222401022,3
2020,Papua Barat,0.24150524814661395,0.2434827510077616,0.24512205693077524,0.2698899439148491,3
2020,Riau,0.21009570626142898,0.21392376420507428,0.2172274522001904,0.35875307733330625,3
2020,Sulawesi Barat,0.2514003554197569,0.2533340639931241,0.25483418917995593,0.24043139140716305,2
2020,Sulawesi Selatan,0.31392272901107837,0.31043732398366247,0.3055761391124198,0.07006380789283932,0
2020,Sulawesi Tengah,0.29315104172658885,0.2864795753746536,0.2807805217771885,0.13958886112156904,0
2020,Sulawesi Tenggara,0.3164517115623472,0.3046187154593811,0.29435611718218063,0.08457345579609112,0
2020,Sulawesi Utara,0.25692504373781727,0.2564937369471482,0.2560858407678491,0.23049537854718535,0
2020,Sumatera Barat,0.32866074032752557,0.30750820380070754,0.2908181813943387,0.07301287447742817,0
2020,Sumatera Selatan,0.31974906699481925,0.30258326251678935,0.28880852859169914,0.08885914189669224,0
2020,Sumatera Utara,0.3100476166271381,0.3004256837521322,0.29202642128582995,0.09750027833489981,0
2021,Aceh,0.15064116020998658,0.15635172004939987,0.16143029565414319,0.5315768240864704,3
2021,Bali,0.2419481405553221,0.24521920099140992,0.24791955677947258,0.2649131016737954,3
2021,Banten,0.2653914837016529,0.2649467499004557,0.2643875115735201,0.20527425482437126,0
2021,Bengkulu,0.27002318125380625,0.2693902165091249,0.2686904884843524,0.1918961137527164,0
2021,DKI Jakarta,0.26413078717885513,0.26276183840977213,0.2615301617230524,0.21157721268832044,0
2021,Daerah Istimewa Yogyakarta,0.27637928935462414,0.2729709406290062,0.270023751345195,0.18062601867117467,0
2021,Gorontalo,0.23197437481442693,0.23403276181575114,0.23579142837321723,0.2982014349966047,3
2021,Jambi,0.265935361203225,0.2659701836137831,0.26579465368723865,0.20229980149575322,1
2021,Jawa Barat,0.28864558393302214,0.28448956918773793,0.28062608653135257,0.14623876034788727,0
2021,Jawa Tengah,0.309640597770064,0.3036828659796588,0.29747235629262375,0.08920417995765353,0
2021,Jawa Timur,0.31923479655587256,0.30162584311549756,0.2876470256606278,0.09149233466800212,0
2021,Kalimantan Barat,0.30712287623185147,0.2954699963729861,0.2858874940264478,0.11151963336871458,0
2021,Kalimantan Selatan,0.3214676024568821,0.3014260503001174,0.2859591122767899,0.09114723496621066,0
2021,Kalimantan Tengah,0.2503200479961774,0.25982963581815194,0.26779189099727546,0.22205842518839522,2
2021,Kalimantan Timur,0.3343048440938392,0.30779611611301366,0.2877045713870042,0.07019446840614285,0
2021,Kalimantan Utara,0.28247935084168363,0.27747125243340376,0.27326676514767784,0.16678263157723472,0
2021,Kepulauan Bangka Belitung,0.2357492183208487,0.24125643865092095,0.24587179530770464,0.2771225477205257,3
2021,Kepulauan Riau,0.2331024498486587,0.23717180038294777,0.2405614538758622,0.28916429589253134,3
2021,Lampung,0.26432074088925833,0.2784690966708353,0.29026218121095376,0.16694798122895257,2
2021,Maluku,0.1614322554524369,0.16688692049338893,0.1717225883709549,0.49995823568321934,3
2021,Maluku Utara,0.24829905130751367,0.2514352900762973,0.2539826741458416,0.24628298447034747,2
2021,Nusa Tenggara Barat,0.23428819650710977,0.23999099896811502,0.244729838100564,0.2809909664242113,3
2021,Nusa Tenggara Timur,0.225364682144631,0.2336120443809451,0.24063913117353913,0.3003841423008847,3
2021,Papua,0.21653876056291269,0.23015734391117185,0.24235740539353967,0.3109464901323757,3
2021,Papua Barat,0.21497271665750506,0.2184278233848502,0.22140341209837833,0.34519604785926644,3
2021,Riau,0.30421638391115596,0.29332616074569684,0.2843981972405413,0.11805925810260591,0
2021,Sulawesi Barat,0.27828689515344507,0.27707511576137195,0.27570475517772736,0.1689332339074556,0
2021,Sulawesi Selatan,0.3061602726563232,0.3049617737870581,0.30241830475276243,0.08645964880385627,0
2021,Sulawesi Tengah,0.2145543345109872,0.21953070007377426,0.22378845202456427,0.34212651339067424,3
2021,Sulawesi Tenggara,0.3027437828890822,0.2945951711326865,0.28752859141344006,0.11513245456479115,0
2021,Sulawesi Utara,0.2891652965987556,0.29276435447106497,0.29473434627772555,0.12333600265245392,2
2021,Sumatera Barat,0.319564844209531,0.3024434655174942,0.2888251770681737,0.08916651320480114,0
2021,Sumatera Selatan,0.33413160729393976,0.30899041684483475,0.28950961363637057,0.06736836222485491,0
2021,Sumatera Utara,0.17497301320950812,0.18178760036238018,0.1877917656234946,0.4554476208046171,3
2022,Aceh,0.13540823340929523,0.14392116390446064,0.15172075709537086,0.5689498455908732,3
2022,Bali,0.2502612412475696,0.2524713306245647,0.25424689970424547,0.24302052842362015,2
2022,Banten,0.26693962995097226,0.26666562669907656,0.26620565340877944,0.20018908994117174,0
2022,Bengkulu,0.28814154932310393,0.281929467635087,0.27671736064330615,0.1532116223985029,0
2022,DKI Jakarta,0.2593638331122077,0.2619082057623535,0.26385295605363945,0.21487500507179932,2
2022,Daerah Istimewa Yogyakarta,0.29673904645138316,0.2885151038415086,0.2816334341728979,0.1331124155342103,0
2022,Gorontalo,0.22693245595467282,0.23360556531236523,0.23930017617873625,0.30016180255422575,3
2022,Jambi,0.2520534333117528,0.258176942708075,0.263186239631747,0.2265833843484252,2
2022,Jawa Barat,0.2792462725874098,0.27782576560620353,0.2762262304864186,0.1667017313199681,0
2022,Jawa Tengah,0.3081479108154737,0.30356863809807216,0.29832550824800125,0.08995794283845283,0
2022,Jawa Timur,0.32426075465461557,0.30486204815580475,0.289409867630265,0.0814673295593148,0
2022,Kalimantan Barat,0.28714179948453766,0.2861573991021915,0.2847751829148728,0.14192561849839808,0
2022,Kalimantan Selatan,0.32376308757381744,0.30376223233937527,0.28811686695402816,0.08435781313277921,0
2022,Kalimantan Tengah,0.2541296482404788,0.2630049794331593,0.270363840743665,0.21250153158269694,2
2022,Kalimantan Timur,0.32344375814399356,0.3025283826934868,0.28641572063122955,0.08761213853129012,0
2022,Kalimantan Utara,0.28248585777209323,0.2774763914675675,0.2732707521000374,0.16676699866030187,0
2022,Kepulauan Bangka Belitung,0.2768152361445987,0.2796414951092698,0.28153585397545794,0.1620074147706737,2
2022,Kepulauan Riau,0.256680226047654,0.25800783494783025,0.2589873840005652,0.22632455500395054,2
2022,Lampung,0.3178567005103398,0.30098595852558035,0.2875945119737326,0.09356282899034725,0
2022,Maluku,0.2967811794688303,0.2911907183825194,0.2862163631949913,0.12581173895365896,0
2022,Maluku Utara,0.2215438341925673,0.22472436371816917,0.22744355730991386,0.3262882447793497,3
2022,Nusa Tenggara Barat,0.22335162299147265,0.23054639984101105,0.23664246088208546,0.30945951628543084,3
2022,Nusa Tenggara Timur,0.184495552290192,0.19292227826447897,0.2003976855967972,0.4221844838485318,3
2022,Papua,0.2173545157254074,0.22057161800250016,0.22334372856470164,0.3387301377073908,3
2022,Papua Barat,0.21666261100002573,0.2198634526306739,0.2226264812902466,0.3408474550790537,3
2022,Papua Barat Daya,0.15690630399932656,0.16258483778358343,0.16761988081242082,0.5128889774046692,3
2022,Papua Pegunungan,0.22170475114145288,0.2244219577291157,0.226767335826023,0.32710595530340836,3
2022,Papua Selatan,0.2429796898733529,0.2486179495158902,0.25331377682231876,0.2550885837884382,3
2022,Papua Tengah,0.24168155599511695,0.2438681852007568,0.24569099491940785,0.26875926388471844,3
2022,Riau,0.250109001297197,0.2580946093040717,0.2646893930518911,0.22710699634684026,2
2022,Sulawesi Barat,0.27828689515344507,0.27707511576137195,0.27570475517772736,0.1689332339074556,0
2022,Sulawesi Selatan,0.3214150376755188,0.30864453580853135,0.29730106821643665,0.07263935829951323,0
2022,Sulawesi Tengah,0.18226201979591,0.18956160614402442,0.19598904199366993,0.43218733206639576,3
2022,Sulawesi Tenggara,0.3115168166102306,0.30086292642282075,0.2916852364561115,0.09593502051083712,0
2022,Sulawesi Utara,0.28726134431260003,0.2912349886738316,0.29366745921188714,0.1278362078016813,2
2022,Sumatera Barat,0.32987421206653617,0.3069464044780738,0.28919639827921406,0.07398298517617602,0
2022,Sumatera Selatan,0.32954076818465217,0.3059443619356836,0.2878376504440617,0.07667721943560253,0
2022,Sumatera Utara,0.26898592228331697,0.27821266378637166,0.28550945334679284,0.1672919605835185,2
2023,Aceh,0.11569386293872294,0.12271592251218857,0.1291488437180905,0.6324413708309979,3
2023,Bali,0.25541916911226914,0.25719816214694063,0.25858143652887533,0.2288012322119149,2
2023,Banten,0.27024780266461434,0.2683224618400341,0.2665626800002642,0.19486705549508743,0
2023,Bengkulu,0.30613723622059286,0.29322545850332526,0.2828817568540225,0.11775554842205933,0
2023,DKI Jakarta,0.2641338958144813,0.26276457344778453,0.2615325680985024,0.2115689626392318,0
2023,Daerah Istimewa Yogyakarta,0.28377272510996304,0.27913019923375315,0.2751056603300895,0.16199141532619432,0
2023,Gorontalo,0.22898676155902953,0.23371454554291987,0.2377063738295226,0.29959231906852796,3
2023,Jambi,0.2861549375361074,0.2829228782107572,0.27986901155811256,0.15105317269502283,0
2023,Jawa Barat,0.27710526595793367,0.27558677176233454,0.2739700532012066,0.1733379090785252,0
2023,Jawa Tengah,0.30792877034129124,0.3048006678171903,0.30052903966071665,0.08674152218080185,0
2023,Jawa Timur,0.32647720068414826,0.304983293948237,0.28820627867095544,0.08033322669665934,0
2023,Kalimantan Barat,0.28880490689692523,0.2854500863170304,0.282285917657612,0.1434590891284324,0
2023,Kalimantan Selatan,0.3191014010486918,0.3002368376304556,0.28558847392624553,0.09507328739460698,0
2023,Kalimantan Tengah,0.281092867326011,0.2974050711319213,0.3105735705892539,0.11092849095281375,2
2023,Kalimantan Timur,0.3199902697898531,0.30072463013665923,0.2857831894576357,0.09350191061585196,0
2023,Kalimantan Utara,0.28194609757201994,0.2775426572406191,0.2737684961499537,0.16674274903740724,0
2023,Kepulauan Bangka Belitung,0.27814620376910004,0.2947076800549631,0.3081271771835351,0.1190189389924018,2
2023,Kepulauan Riau,0.30232254993198243,0.30010350717460055,0.29704148566376826,0.10053245722964875,0
2023,Lampung,0.32648992176459063,0.30900574322169766,0.29445790898048596,0.07004642603322567,0
2023,Maluku,0.23853522551026593,0.24343429651036455,0.2475047480739064,0.2705257299054631,3
2023,Maluku Utara,0.2825327810017524,0.2832590617187075,0.2833512921688294,0.1508568651107107,2
2023,Nusa Tenggara Barat,0.25729583213695617,0.2598890017332089,0.2618036868400851,0.2210114792897497,2
2023,Nusa Tenggara Timur,0.0759886035254529,0.0806029523718768,0.08484275682901914,0.758565687273651,3
2023,Papua,0.1822126829108759,0.18733625986640984,0.1918277890862043,0.43862326813651,3
2023,Papua Barat,0.1971362208240438,0.20135364915955328,0.2050263250181129,0.39648380499829006,3
2023,Papua Barat Daya,0.18701331446698852,0.19187046038681535,0.196125134613135,0.4249910905330611,3
2023,Papua Pegunungan,0.22170475114145288,0.2244219577291157,0.226767335826023,0.32710595530340836,3
2023,Papua Selatan,0.20745827462170013,0.21151609933504129,0.21503318888130482,0.36599243716195384,3
2023,Papua Tengah,0.24168155599511695,0.2438681852007568,0.24569099491940785,0.26875926388471844,3
2023,Riau,0.20488233811564963,0.21302661804130626,0.2201580809272157,0.36193296291582844,3
2023,Sulawesi Barat,0.27828689515344507,0.27707511576137195,0.27570475517772736,0.16893323390745563,0
2023,Sulawesi Selatan,0.32134080406092286,0.3153134388718102,0.3077649505034787,0.055580806563788165,0
2023,Sulawesi Tengah,0.22081007225884677,0.22584369868588935,0.2301163150769914,0.32322991397827255,3
2023,Sulawesi Tenggara,0.3128347226772635,0.3038605691154576,0.2957200610678529,0.08758464713942599,0
2023,Sulawesi Utara,0.26984980324788194,0.2756957333365754,0.28015304718102546,0.17430141623451725,2
2023,Sumatera Barat,0.3331738876905692,0.308435628916835,0.28934933460281687,0.06904114878977892,0
2023,Sumatera Selatan,0.3119809117606926,0.29851008813536345,0.2875258597884186,0.10198314031552531,0
2023,Sumatera Utara,0.19469665758897484,0.20250016014981806,0.20935478468164978,0.3934483975795573,3
2024,Aceh,0.12668075811774987,0.13349214073371407,0.1396668694494177,0.6001602316991184,3
2024,Bali,0.25477686941057687,0.25680488077582525,0.2583856018949847,0.2300326479186131,2
2024,Banten,0.2732839683576521,0.2708386087757778,0.26863996589942213,0.1872374569671481,0
2024,Bengkulu,0.3022445280663949,0.29034894512435927,0.2808561830820293,0.12655034372721655,0
2024,DKI Jakarta,0.26400823339363094,0.26265398545824037,0.261435243676945,0.21190253747118368,0
2024,Daerah Istimewa Yogyakarta,0.284250256591665,0.2798745051847753,0.2760090927120515,0.15986614551150824,0
2024,Gorontalo,0.21118584443103702,0.2160544181145025,0.22025727043025223,0.3525024670242083,3
2024,Jambi,0.3172508483533696,0.3051280003411057,0.2944965088278091,0.08312464247771553,0
2024,Jawa Barat,0.2915985145733919,0.2879080623236576,0.2842711831375316,0.13622223996541885,0
2024,Jawa Tengah,0.3091050678257261,0.30349839094616404,0.2975616464642019,0.08983489476390794,0
2024,Jawa Timur,0.3359217882069678,0.31055701286455245,0.29070382897478464,0.06281736995369513,0
2024,Kalimantan Barat,0.2868806377841236,0.2829481542769716,0.2794135387651421,0.15075766917376268,0
2024,Kalimantan Selatan,0.31275405798235745,0.29839284350320905,0.286819492198298,0.1020336063161355,0
2024,Kalimantan Tengah,0.25139409604544544,0.2617350111996915,0.27038010642243304,0.21649078633243,2
2024,Kalimantan Timur,0.3318993428045909,0.30732743165486837,0.2884546079838293,0.07231861755671147,0
2024,Kalimantan Utara,0.28244761765185944,0.2779618706864237,0.27411485405490255,0.16547565760681437,0
2024,Kepulauan Bangka Belitung,0.24893249537439785,0.25212976767016443,0.2547278903536388,0.24420984660179892,2
2024,Kepulauan Riau,0.3105136812510092,0.29963667181737663,0.290311545279815,0.0995381016517991,0
2024,Lampung,0.28886923681587406,0.2884934132818323,0.2875483137875379,0.13508903611475565,0
2024,Maluku,0.20245217895626727,0.20653379535624894,0.21008876450710612,0.38092526118037767,3
2024,Maluku Utara,0.28253278100175233,0.2832590617187075,0.2833512921688294,0.15085686511071073,2
2024,Nusa Tenggara Barat,0.1895346132388525,0.19898680758732712,0.20735914797379687,0.40411943120002347,3
2024,Nusa Tenggara Timur,0.11841828271088271,0.12405395906136933,0.1291405888778584,0.6283871693498896,3
2024,Papua,0.20601293206580137,0.2122542539540934,0.2176504972838263,0.364082316696279,3
2024,Papua Barat,0.22288368019654764,0.2260026570584309,0.22866694740814972,0.3224467153368717,3
2024,Papua Barat Daya,0.15690630399932656,0.16258483778358343,0.16761988081242082,0.5128889774046692,3
2024,Papua Pegunungan,0.22170475114145288,0.2244219577291157,0.226767335826023,0.32710595530340836,3
2024,Papua Selatan,0.22178961024764737,0.22560365470353605,0.2288700482440657,0.32373668680475093,3
2024,Papua Tengah,0.24168155599511695,0.2438681852007568,0.24569099491940785,0.26875926388471844,3
2024,Riau,0.26981177710450077,0.2702041404609737,0.27028835381729205,0.1896957286172335,2
2024,Sulawesi Barat,0.2931110497121235,0.2972828853950845,0.29945572879385474,0.11015033609893729,2
2024,Sulawesi Selatan,0.32324222068163005,0.31667087920207404,0.30843151962538484,0.051655380490910986,0
2024,Sulawesi Tengah,0.18423516921266347,0.19010860713127467,0.19525393348937428,0.4304022901666876,3
2024,Sulawesi Tenggara,0.294310764168215,0.2890983578808121,0.28440082593381194,0.13219005201716097,0
2024,Sulawesi Utara,0.24396630915004916,0.25149713964529974,0.2577932380036044,0.24674331320104675,2
2024,Sumatera Barat,0.3132118685456056,0.3033672383531582,0.29460792184504087,0.08881297125619526,0
2024,Sumatera Selatan,0.2654469006989925,0.27808652702911846,0.28858105606806206,0.16788551620382688,2
2024,Sumatera Utara,0.28479681560460335,0.2854262464532836,0.2853900933943682,0.14438684454774484,1
2025,Aceh,0.18615572598768,0.1962132512086317,0.20524258746531612,0.4123884353383722,3
2025,Bali,0.2506880507365314,0.25306782386640747,0.25497494159047973,0.24126918380658138,2
2025,Banten,0.2386045260854517,0.24054013353378614,0.2421453595766518,0.2787099808041104,3
2025,Bengkulu,0.24950210481369664,0.2513767787174507,0.25286163197867395,0.2462594844901786,2
2025,DKI Jakarta,0.26315023308974234,0.26189740447676657,0.26076801884771045,0.21418434358578065,0
2025,Daerah Istimewa Yogyakarta,0.2866879596787604,0.28199319071430595,0.2778631392401068,0.15345571036682687,0
2025,Gorontalo,0.2471041001458887,0.2524795882829111,0.25692401216018373,0.24349229941101638,2
2025,Jambi,0.2744171133721741,0.28353019977257404,0.29060055777597926,0.1514521290792726,2
2025,Jawa Barat,0.2911980677795329,0.28801546046189314,0.28477527235944067,0.13601119939913334,0
2025,Jawa Tengah,0.29471683643188146,0.28638579720330287,0.279468049816183,0.13942931654863272,0
2025,Jawa Timur,0.33310445173136083,0.30709309952542063,0.2873814704042153,0.07242097833900321,0
2025,Kalimantan Barat,0.2803208458614327,0.2800707512330146,0.2794148997156269,0.1601935031899258,0
2025,Kalimantan Selatan,0.3321763558225502,0.308271731036589,0.2897084283343358,0.06984348480652505,0
2025,Kalimantan Tengah,0.307128364880039,0.309259260725046,0.3087163534719134,0.07489602092300159,1
2025,Kalimantan Timur,0.3360926410531125,0.3087347382314428,0.28803984596803905,0.06713277474740553,0
2025,Kalimantan Utara,0.2926804145083962,0.28515195501175605,0.27891032836508417,0.14325730211476345,0
2025,Kepulauan Bangka Belitung,0.2979631812670425,0.2894049430102268,0.28229490081292563,0.1303369749098051,0
2025,Kepulauan Riau,0.2891922584465305,0.2875853831905325,0.2857370959311295,0.13748526243180742,0
2025,Lampung,0.26110946826250236,0.26049786327823427,0.25989436040615777,0.21849830805310566,0
2025,Maluku,0.13332676109385563,0.13901866985944722,0.14410058506452605,0.5835539839821712,3
2025,Maluku Utara,0.28253278100175233,0.2832590617187075,0.2833512921688294,0.15085686511071073,2
2025,Nusa Tenggara Barat,0.2339979918669506,0.24024972998046482,0.2454590153765137,0.28029326277607086,3
2025,Nusa Tenggara Timur,0.10839483469397213,0.11591435300054163,0.12287612385215943,0.6528146884533268,3
2025,Papua,0.16359753917021505,0.1701807173073078,0.1760206217384293,0.4902011217840479,3
2025,Papua Barat,0.22347835665020066,0.22654067458624455,0.22915716559992125,0.32082380316363357,3
2025,Papua Barat Daya,0.27860470778966084,0.27568464226943246,0.27303879975072803,0.17267185019017858,0
2025,Papua Pegunungan,0.22170475114145288,0.2244219577291157,0.226767335826023,0.32710595530340836,3
2025,Papua Selatan,0.21295107802408952,0.21838601490964665,0.22307242743332903,0.3455904796329348,3
2025,Papua Tengah,0.24168155599511695,0.2438681852007568,0.24569099491940785,0.26875926388471844,3
2025,Riau,0.28847326291106123,0.2849114660375479,0.28156374433903153,0.14505152671235932,0
2025,Sulawesi Barat,0.27828689515344507,0.27707511576137195,0.27570475517772736,0.16893323390745563,0
2025,Sulawesi Selatan,0.3018351232106871,0.31732974803944,0.32714045129051245,0.05369467745936032,2
2025,Sulawesi Tengah,0.22415733921724026,0.22779090206076744,0.23089751811596804,0.3171542406060242,3
2025,Sulawesi Tenggara,0.28991812610463624,0.2859178827547649,0.2822281562180971,0.14193583492250192,0
2025,Sulawesi Utara,0.28522524001792027,0.2860131809525199,0.2860591035345855,0.1427024754949743,2
2025,Sumatera Barat,0.31208277104072424,0.29971656109261463,0.28945273025349877,0.09874793761316239,0
2025,Sumatera Selatan,0.2815972379071047,0.27760152914103814,0.2741721147092424,0.16662911824261475,0
2025,Sumatera Utara,0.2987883224511989,0.29565107374016186,0.2922733735718892,0.11328723023675,0
