Tahun,Provinsi,u_cluster_0,u_cluster_1,u_cluster_2,u_cluster_3,label
2019,Aceh,0.17950732922566232,0.43193337933743037,0.19469971815553339,0.19385957328137396,1
2019,Bali,0.2438334688633455,0.24883783873274598,0.2539129206913995,0.25341577171250906,2
2019,Banten,0.2532955653317312,0.23743134211618047,0.25465958736428945,0.2546135051877989,2
2019,Bengkulu,0.2560343617326281,0.21941405251680285,0.2624187287184387,0.2621328570321304,2
2019,DKI Jakarta,0.2572100719884468,0.22975461736209607,0.25649136119611954,0.2565439494533375,0
2019,Daerah Istimewa Yogyakarta,0.2984614243893006,0.14776556843574415,0.27632019420234416,0.27745281297261115,0
2019,Gorontalo,0.28470012824163243,0.13840926648791735,0.28845578601491356,0.2884348192555366,2
2019,Jambi,0.2141149876291491,0.31841542498680386,0.2342695779748311,0.2332000094092159,1
2019,Jawa Barat,0.27113558399086823,0.19386061767763316,0.26737673963762837,0.2676270586938702,0
2019,Jawa Tengah,0.3374146199781801,0.09453240110177256,0.2827525912648254,0.285300387655222,0
2019,Jawa Timur,0.3407943234317338,0.09288242600227029,0.281818615886477,0.2845046346795189,0
2019,Kalimantan Barat,0.28444769852963075,0.13360040772987147,0.29102678959968015,0.2909251041408176,2
2019,Kalimantan Selatan,0.33526932708983476,0.09852693616608592,0.28187273447411204,0.28433100226996727,0
2019,Kalimantan Tengah,0.3425902935352112,0.07661946212722467,0.2890706323787831,0.291719611958781,0
2019,Kalimantan Timur,0.3355578439565914,0.09004000949979143,0.2859953774876065,0.2884067690560107,0
2019,Kalimantan Utara,0.2992388027266646,0.1426527484762763,0.2785169255714062,0.27959152322565284,0
2019,Kepulauan Bangka Belitung,0.20286367911042194,0.36458725832803934,0.21664794589922406,0.21590111666231465,1
2019,Kepulauan Riau,0.2631261055365517,0.14478688092929082,0.2968407410629298,0.2952462724712277,2
2019,Lampung,0.26726836252526104,0.19904205139909256,0.26680475925813774,0.26688482681750864,0
2019,Maluku,0.2474277720460167,0.1871509976401021,0.2836513513357883,0.28176987897809286,2
2019,Maluku Utara,0.25999850132626723,0.20773056506257484,0.2662661456888487,0.26600478792230925,2
2019,Nusa Tenggara Barat,0.27216779872186275,0.18969952543439283,0.2689549280718749,0.2691777477718695,0
2019,Nusa Tenggara Timur,0.09761355430898316,0.6687569562084593,0.11740383854743504,0.11622565093512251,1
2019,Papua,0.22780901160214875,0.29844343504899373,0.2371166951474132,0.2366308582014444,1
2019,Papua Barat,0.239720812920715,0.27087617638511596,0.24483272907698075,0.24457028161718825,1
2019,Riau,0.23200346718788303,0.2783537067883097,0.24515441762284249,0.2444884084009648,1
2019,Sulawesi Barat,0.28960142262416577,0.16270379679043667,0.273425110046749,0.27426967053864854,0
2019,Sulawesi Selatan,0.32576646384939095,0.06432301320958511,0.3041316846388575,0.3057788383021664,0
2019,Sulawesi Tengah,0.2026804427975673,0.3494238665433779,0.224544015179962,0.22335167547909285,1
2019,Sulawesi Tenggara,0.26839578988987794,0.18143538316755545,0.2752137926383311,0.27495503430423546,2
2019,Sulawesi Utara,0.28668686001526233,0.15324059143551846,0.27980675073601824,0.28026579781320093,0
2019,Sumatera Barat,0.33884575057015204,0.0838579698797802,0.2873961546118011,0.28990012493826667,0
2019,Sumatera Selatan,0.284666257885172,0.16792530595374827,0.2733907208281251,0.27401771533295466,0
2019,Sumatera Utara,0.25130984038806525,0.2113731429426848,0.26908776400215134,0.26822925266709857,2
2020,Aceh,0.20208824913399223,0.3711342249421207,0.21370624597229296,0.21307127995159414,1
2020,Bali,0.23636836889491714,0.27473469244418336,0.24466135728353236,0.24423558137736712,1
2020,Banten,0.25817771050567456,0.22624880085014823,0.2577626024183301,0.25781088622584714,0
2020,Bengkulu,0.33304375169649764,0.09145411992955577,0.28661461213698947,0.28888751623695713,0
2020,DKI Jakarta,0.2595124864526965,0.2249316964421628,0.25772225755146944,0.25783355955367127,0
2020,Daerah Istimewa Yogyakarta,0.30879465819244806,0.13368945406992983,0.2780030514205563,0.27951283631706586,0
2020,Gorontalo,0.33874853841898217,0.09016698342088263,0.28427408688733485,0.28681039127280034,0
2020,Jambi,0.17854248122784794,0.4196948838002652,0.20152182924536563,0.20024080572652111,1
2020,Jawa Barat,0.30174006011745136,0.12975172195487075,0.2837383656836915,0.28476985224398643,0
2020,Jawa Tengah,0.32757893850230324,0.07997421260641954,0.2952672773438093,0.29717957154746794,0
2020,Jawa Timur,0.3352530908289063,0.09915736223066379,0.28155906928818136,0.28403047765224854,0
2020,Kalimantan Barat,0.3316942275745616,0.09041695554648105,0.28784332202183177,0.2900454948571256,0
2020,Kalimantan Selatan,0.3333402940672597,0.10077706745742414,0.28174941832981415,0.284133220145502,0
2020,Kalimantan Tengah,0.3320164212666846,0.07499100412106503,0.295466561367735,0.2975260132445153,0
2020,Kalimantan Timur,0.339664116539968,0.09225706308897869,0.28272713740411987,0.2853516829669334,0
2020,Kalimantan Utara,0.2977951637472653,0.14177659814530802,0.279725854425858,0.28070238368156875,0
2020,Kepulauan Bangka Belitung,0.26687106283019363,0.1797583224425574,0.276888233874299,0.2764823808529499,2
2020,Kepulauan Riau,0.2791942616306989,0.1529663160956665,0.28395870686004043,0.28388071541359416,2
2020,Lampung,0.24661102107636873,0.19459569755608647,0.2802662490282528,0.2785270323392921,2
2020,Maluku,0.17383889927003923,0.44807893832295614,0.18947455748450046,0.1886076049225041,1
2020,Maluku Utara,0.28708450307777866,0.15126138247581583,0.28060915107088813,0.2810449633755173,0
2020,Nusa Tenggara Barat,0.21014190991032794,0.3411651484832776,0.2247353878505185,0.22395755375587598,1
2020,Nusa Tenggara Timur,0.15361891996483135,0.46432285974227433,0.19218765330990567,0.18987056698298851,1
2020,Papua,0.17908953385101442,0.4293175011055959,0.196271936311112,0.1953210287322776,1
2020,Papua Barat,0.23955803015224814,0.26987441229464976,0.2454332118427789,0.24513434571032328,1
2020,Riau,0.20646685465704034,0.3584246525379407,0.2178626109479129,0.217245881857106,1
2020,Sulawesi Barat,0.2494158288735076,0.24054957022833745,0.2551486820645151,0.25488591883363987,2
2020,Sulawesi Selatan,0.31640232244126376,0.07059306539016022,0.30595946679725405,0.30704514537132194,0
2020,Sulawesi Tengah,0.299584429698682,0.13982042757602542,0.2797696124379975,0.280825530287295,0
2020,Sulawesi Tenggara,0.32779280582548914,0.08486253367088724,0.29271569493728505,0.29462896556633855,0
2020,Sulawesi Utara,0.2573069337034174,0.2305707861840632,0.2560213420013325,0.2561009381111869,0
2020,Sumatera Barat,0.349814261235374,0.07302367601182592,0.28710351658532124,0.2900585461674788,0
2020,Sumatera Selatan,0.33683649480590994,0.08890540691597358,0.28589673465461557,0.28836136362350084,0
2020,Sumatera Utara,0.3192547260550676,0.09778017506032695,0.2906962771580636,0.29226882172654184,0
2021,Aceh,0.14544536245688378,0.5305598705455224,0.16247947772278487,0.16151528927480893,1
2021,Bali,0.23870717172060474,0.26494929736019224,0.24841718008084696,0.247926350838356,1
2021,Banten,0.2657036567708757,0.20544717736635043,0.26436368836873775,0.2644854774940361,0
2021,Bengkulu,0.27051755727815335,0.19210743252789236,0.2686143490512024,0.2687606611427519,0
2021,DKI Jakarta,0.26540384111599924,0.21170067436700565,0.2613305166027808,0.2615649679142143,0
2021,Daerah Istimewa Yogyakarta,0.2796364932331539,0.18080585958964152,0.26950391356436226,0.2700537336128423,0
2021,Gorontalo,0.22999846681053882,0.29807965876168624,0.2361241876022143,0.23579768682556065,1
2021,Jambi,0.265767128833133,0.20248819580303937,0.26584547983152884,0.26589919553229874,3
2021,Jawa Barat,0.29248658932048255,0.14652163129851956,0.2801225803357032,0.2808691990452947,0
2021,Jawa Tengah,0.31484164781281293,0.08963519810220509,0.29713249438435796,0.29839065970062395,0
2021,Jawa Timur,0.3368553052389172,0.09149584424481266,0.2845811016507663,0.2870677488655039,0
2021,Kalimantan Barat,0.31859943196671237,0.11166187280147188,0.28399984735662537,0.2857388478751905,0
2021,Kalimantan Selatan,0.3417828355341137,0.09102801553541104,0.28224066186890334,0.2849484870615719,0
2021,Kalimantan Tengah,0.2409668142235802,0.2222202382299691,0.26913371918796913,0.2676792283584815,2
2021,Kalimantan Timur,0.36129009330457057,0.06999488940456573,0.28261988612093863,0.2860951311699252,0
2021,Kalimantan Utara,0.28735780719507525,0.166930989845078,0.2724693291133733,0.27324187384647347,0
2021,Kepulauan Bangka Belitung,0.23031628680267677,0.27720081421094683,0.24666429485036026,0.24581860413601614,1
2021,Kepulauan Riau,0.22910220638684223,0.289135374497839,0.24119107093942843,0.2405713481758904,1
2021,Lampung,0.2504684711960506,0.16716819982842737,0.2922522271878785,0.2901111017876435,2
2021,Maluku,0.1564502890264247,0.49903282877877814,0.17271664612087867,0.17180023607391845,1
2021,Maluku Utara,0.2451488401966285,0.24640395963599135,0.25445285340842605,0.2539943467589541,2
2021,Nusa Tenggara Barat,0.2286476831206153,0.28107465498598,0.24557094984644934,0.24470671204695527,1
2021,Nusa Tenggara Timur,0.21733695679078563,0.3003281492484868,0.24181690078361254,0.24051799317711509,1
2021,Papua,0.20358053480221402,0.31066830527359646,0.24403237458030683,0.2417187853438827,1
2021,Papua Barat,0.21168378564267876,0.3449331587168393,0.22196895144022538,0.22141410420025648,1
2021,Riau,0.3149396813724434,0.11821943819474354,0.28261179103657313,0.2842290893962399,0
2021,Sulawesi Barat,0.2792469041384989,0.16922926623579676,0.27561812960106774,0.27590570002463655,0
2021,Sulawesi Selatan,0.30658865477465086,0.08698448906385413,0.30290156078587993,0.3035252953756151,0
2021,Sulawesi Tengah,0.20975913980925867,0.3419145079243305,0.22455836128018108,0.22376799098622976,1
2021,Sulawesi Tenggara,0.31056203229750556,0.11539300588606564,0.2863629692602361,0.28768199255619276,0
2021,Sulawesi Utara,0.28510273807155034,0.12385470921824282,0.2956467097340456,0.2953958429761611,2
2021,Sumatera Barat,0.3366612189122867,0.08921291021789667,0.2858506569864129,0.2882752138834037,0
2021,Sumatera Selatan,0.359420765215044,0.06729395759834955,0.28493758081695064,0.2883476963696558,0
2021,Sumatera Utara,0.16858081476202177,0.4548059862547839,0.18887296986070934,0.18774022912248495,1
2022,Aceh,0.12755158967369884,0.56807097154034,0.1529394599530712,0.15143797883288998,1
2022,Bali,0.2480331578785101,0.24311138618192107,0.2545864323746059,0.25426902356496284,2
2022,Banten,0.2670589509481771,0.200387949894567,0.2662225272513437,0.2663305719059122,0
2022,Bengkulu,0.29419437152136685,0.15338655201550516,0.27573090341114553,0.2766881730519824,0
2022,DKI Jakarta,0.25673562917599324,0.21507399254009107,0.2642634680888841,0.2639269101950316,2
2022,Daerah Istimewa Yogyakarta,0.304768496217139,0.13329282477396048,0.2803387933001062,0.2815998857087944,0
2022,Gorontalo,0.22043716032929833,0.30010325949035116,0.24025688040312762,0.23920269977722292,1
2022,Jambi,0.2459494337795897,0.22676948114921433,0.2640924364231087,0.26318864864808733,2
2022,Jawa Barat,0.2803832881851855,0.16700651153007073,0.27613782126863706,0.2764723790161067,0
2022,Jawa Tengah,0.31191838796607535,0.09042485729590956,0.2982782081205623,0.2993785466174528,0
2022,Jawa Timur,0.3436195222475787,0.08147789585133221,0.28607525524131405,0.288827326659775,0
2022,Kalimantan Barat,0.28775838468386616,0.1423331922820054,0.2847993121036425,0.2851091109304859,0
2022,Kalimantan Selatan,0.3438615935514048,0.08433310754696831,0.28452382341653454,0.2872814754850923,0
2022,Kalimantan Tengah,0.24535472456913165,0.21271546785434034,0.27163316302179913,0.27029664455472896,2
2022,Kalimantan Timur,0.34464463673380247,0.08749007644097007,0.2825241488520963,0.28534113797313115,0
2022,Kalimantan Utara,0.28736564824504546,0.16691537525061673,0.27247311008203356,0.27324586642230425,0
2022,Kepulauan Bangka Belitung,0.27375210115707593,0.16240120869994543,0.28207156766568026,0.2817751224772984,2
2022,Kepulauan Riau,0.25527532915431994,0.22647472882913947,0.2592079647171341,0.2590419772994065,2
2022,Lampung,0.3347367991027091,0.0935833858764613,0.28464885236313336,0.2870309626576963,0
2022,Maluku,0.30206467403247766,0.12610687227574788,0.2854434229022209,0.2863850307895536,0
2022,Maluku Utara,0.21849580188617332,0.32608921551031567,0.2279599677733215,0.22745501483018957,1
2022,Nusa Tenggara Barat,0.2163245950730739,0.3094344040690413,0.2376823598006222,0.2365586410572626,1
2022,Nusa Tenggara Timur,0.17652638763214984,0.42168048518354806,0.2016036161208444,0.20018951106345773,1
2022,Papua,0.21430095449849618,0.338461656184381,0.22387719563851416,0.22336019367860874,1
2022,Papua Barat,0.21362736281570344,0.3405759291150059,0.22315627550706496,0.22264043256222574,1
2022,Papua Barat Daya,0.15171489490242324,0.5119419012400439,0.1686487642355251,0.16769443962200778,1
2022,Papua Pegunungan,0.21912609570166044,0.3268793943411053,0.2272162107532775,0.22677829920395684,1
2022,Papua Selatan,0.2374102670650495,0.2551707832796919,0.25413794506664444,0.25328100458861413,1
2022,Papua Tengah,0.23953051489876181,0.2687518647082403,0.24602545110888308,0.2456921692841148,1
2022,Riau,0.24217992776363337,0.2273386429857971,0.26583878226230906,0.26464264698826045,2
2022,Sulawesi Barat,0.2792469041384989,0.16922926623579676,0.27561812960106774,0.27590570002463655,0
2022,Sulawesi Selatan,0.33349193034911473,0.07297666692107359,0.2956972502040895,0.2978341525257221,0
2022,Sulawesi Tengah,0.1753666165800592,0.4316592786928757,0.19709281525758848,0.1958812894694767,1
2022,Sulawesi Tenggara,0.32177275442267017,0.09619817470981082,0.29016129356537074,0.2918677773021482,0
2022,Sulawesi Utara,0.2828936634826902,0.1283431066966307,0.2945567318920607,0.2942064979286184,2
2022,Sumatera Barat,0.3530040818335462,0.07390684778301229,0.2849899584924307,0.2880991118910108,0
2022,Sumatera Selatan,0.3534481451632607,0.07654767145210241,0.28342419426506876,0.2865799891195682,0
2022,Sumatera Utara,0.2597316605004032,0.1676120536366594,0.2869707096217497,0.2856855762411877,2
2023,Aceh,0.10929538338801634,0.6314294454986523,0.13025737916709637,0.12901779194623486,1
2023,Bali,0.25359019968954866,0.22893558389324103,0.25885817503495434,0.2586160413822561,2
2023,Banten,0.2720321410582434,0.1950332158843982,0.26629843737104103,0.2666362056863173,0
2023,Bengkulu,0.31902346867643855,0.1178002846168776,0.2806626378326808,0.282513608874003,0
2023,DKI Jakarta,0.26540730409106694,0.21169244560358888,0.26133286856798515,0.261567381737359,0
2023,Daerah Istimewa Yogyakarta,0.28822061694168893,0.16218999765852282,0.27441884563314217,0.27517053976664607,0
2023,Gorontalo,0.22436477267750407,0.29954820638404717,0.23841107860073976,0.2376759423377091,1
2023,Jambi,0.28911004281848285,0.1513359860256637,0.27947917312771514,0.2800747980281383,0
2023,Jawa Barat,0.2783750068439758,0.1736112772778196,0.2738412352236781,0.2741724806545265,0
2023,Jawa Tengah,0.3101767548336533,0.08725181945959759,0.3008119572840614,0.30175946842268764,0
2023,Jawa Timur,0.3481207515125979,0.0802573428204022,0.284333999367413,0.2872879062995869,0
2023,Kalimantan Barat,0.291850678294253,0.1437890511081872,0.2818723918200192,0.2824878787775406,0
2023,Kalimantan Selatan,0.33816169555996406,0.0949950095381896,0.2821351041200018,0.28470819078184445,0
2023,Kalimantan Tengah,0.26505639704030354,0.11123287761141266,0.3130225843510031,0.31068814099728076,2
2023,Kalimantan Timur,0.33948150448406633,0.09340240723847022,0.2822463360309026,0.28486975224656086,0
2023,Kalimantan Utara,0.2861747806959803,0.16694489097261284,0.2730897182908322,0.2737906100405747,0
2023,Kepulauan Bangka Belitung,0.26187588273024076,0.11931231075282427,0.31059878791667556,0.3082130186002594,2
2023,Kepulauan Riau,0.30385114064049223,0.1010485316786473,0.2972095760121462,0.2978907516687142,0
2023,Lampung,0.34353398929725815,0.07023940829709914,0.29178853085927275,0.2944380715463699,0
2023,Maluku,0.23368904045171476,0.2705922292003498,0.2482305464651545,0.24748818388278096,1
2023,Maluku Utara,0.2815093105493544,0.151239659309079,0.28360697143311236,0.28364405870845416,3
2023,Nusa Tenggara Barat,0.254577678310105,0.22124460501326412,0.262251011884194,0.2619267047924369,2
2023,Nusa Tenggara Timur,0.07195979686874202,0.7573156094991416,0.08577251188141069,0.08495208175070565,1
2023,Papua,0.17744388444115894,0.4379847026209892,0.19270856816017667,0.19186284477767523,1
2023,Papua Barat,0.19318744364877974,0.3960032130452552,0.20574922421870998,0.2050601190872551,1
2023,Papua Barat Daya,0.18249381335617557,0.4243782719932353,0.19696436388397023,0.1961635507666189,1
2023,Papua Pegunungan,0.21912609570166044,0.3268793943411053,0.2272162107532775,0.22677829920395684,1
2023,Papua Selatan,0.2036228950907175,0.3656268217912963,0.21570416204190576,0.21504612107608045,1
2023,Papua Tengah,0.23953051489876181,0.2687518647082403,0.24602545110888308,0.2456921692841148,1
2023,Riau,0.1970784471268239,0.3616739399067198,0.2212933054964606,0.2199543074699957,1
2023,Sulawesi Barat,0.2792469041384989,0.16922926623579676,0.27561812960106774,0.2759057000246366,0
2023,Sulawesi Selatan,0.3260415760684108,0.056104459575316186,0.3081126973632873,0.30974126699298576,0
2023,Sulawesi Tengah,0.2159225019395306,0.3231018477770125,0.23088247300927559,0.23009317727418127,1
2023,Sulawesi Tenggara,0.32122286547114837,0.08796952449669233,0.2946283318530839,0.2961792781790754,0
2023,Sulawesi Utara,0.2638431698188547,0.17470718868446583,0.28110892356607764,0.28034071793060183,2
2023,Sumatera Barat,0.35814957205007175,0.06893827724594925,0.2847884375844431,0.2881237131195359,0
2023,Sumatera Selatan,0.32526851616815444,0.1021318574834217,0.2853084837258586,0.28729114262256533,0
2023,Sumatera Utara,0.18727964648405038,0.3930222243119459,0.21049396189368313,0.20920416731032063,1
2024,Aceh,0.12047468155122053,0.5991054984419494,0.14080174005963797,0.1396180799471922,1
2024,Bali,0.2526987814766163,0.230167949074886,0.2587052359615002,0.25842803348699744,2
2024,Banten,0.2755741538382175,0.18741611811734965,0.2682955847111076,0.2687141433333252,0
2024,Bengkulu,0.31414137671595027,0.12658409054044403,0.27878952275889163,0.2804850099847141,0
2024,DKI Jakarta,0.26526734626392445,0.21202515807034458,0.2612377395329142,0.26146975613281676,0
2024,Daerah Istimewa Yogyakarta,0.28840245159021705,0.16008560151876874,0.27539153865396027,0.2761204082370539,0
2024,Gorontalo,0.2065304305482433,0.3522269001836656,0.22101331911432517,0.22022935015376585,1
2024,Jambi,0.3287983654280315,0.08342572617728808,0.29289238012476815,0.2948835282699122,0
2024,Jawa Barat,0.29489830780417514,0.13655887915174827,0.28391071766378034,0.28463209538029627,0
2024,Jawa Tengah,0.31394895660085287,0.09027852612660918,0.29728124988018834,0.2984912673923496,0
2024,Jawa Timur,0.3613335705354388,0.06276290247311604,0.2862040779793862,0.28969944901205885,0
2024,Kalimantan Barat,0.29055000074246684,0.1510477928214396,0.27886519207347477,0.2795370143626188,0
2024,Kalimantan Selatan,0.3270080794259307,0.10213082220372315,0.28439272948503985,0.28646836888530636,0
2024,Kalimantan Tengah,0.24122700719219378,0.2166667305023946,0.27184168088296473,0.27026458142244686,2
2024,Kalimantan Timur,0.35678955445455346,0.07217724986389595,0.2838711341018033,0.2871620615797473,0
2024,Kalimantan Utara,0.28675457091053413,0.16568033633904916,0.273425237004418,0.27413985574599875,0
2024,Kepulauan Bangka Belitung,0.24571217170499837,0.24436056275595971,0.2551974576530651,0.25472980788597677,2
2024,Kepulauan Riau,0.3209736043308152,0.09982433005194447,0.2887373731803033,0.2904646924369372,0
2024,Lampung,0.28887671608323867,0.1354926974667213,0.2876960049664638,0.2879345814835762,0
2024,Maluku,0.19861849576135324,0.38049941413923277,0.21077452562099194,0.21010756447842208,1
2024,Maluku Utara,0.2815093105493544,0.15123965930907904,0.28360697143311236,0.28364405870845416,3
2024,Nusa Tenggara Barat,0.1805398489151534,0.40374758370115166,0.20864692377225838,0.20706564361143662,1
2024,Nusa Tenggara Timur,0.11340707092897141,0.6270776424421722,0.1302447569721441,0.1292705296567122,1
2024,Papua,0.2000116179114707,0.36384617855313384,0.2185747948361857,0.2175674086992098,1
2024,Papua Barat,0.21988574863964522,0.32227455397752963,0.2291671155532333,0.22867258182959183,1
2024,Papua Barat Daya,0.15171489490242324,0.5119419012400439,0.1686487642355251,0.16769443962200778,1
2024,Papua Pegunungan,0.21912609570166044,0.3268793943411053,0.2272162107532775,0.22677829920395684,1
2024,Papua Selatan,0.2181165612894862,0.3235645107346009,0.22946292695267062,0.2288560010232423,1
2024,Papua Tengah,0.23953051489876181,0.2687518647082403,0.24602545110888308,0.2456921692841148,1
2024,Riau,0.26925100579151623,0.18995724051071142,0.27039079182289927,0.27040096187487317,3
2024,Sulawesi Barat,0.288410018799868,0.1106651658776204,0.30059132277455797,0.30033349254795366,2
2024,Sulawesi Selatan,0.32834459372766694,0.05219200676395675,0.30884404127387877,0.31061935823449754,0
2024,Sulawesi Tengah,0.17872396321343184,0.4298173210514245,0.1962132940848271,0.19524542165031655,1
2024,Sulawesi Tenggara,0.29919306453021244,0.13250878528295648,0.2837018278709467,0.28459632231588433,0
2024,Sulawesi Utara,0.23652013742796466,0.24693599571267816,0.25884709728963484,0.2576967695697224,2
2024,Sumatera Barat,0.32252484297274936,0.08914649670577912,0.2933374780720494,0.29499118224942206,0
2024,Sumatera Selatan,0.2530236112561006,0.16813643038549403,0.2903709723041833,0.2884689860542221,2
2024,Sumatera Utara,0.28386282848606775,0.14475388444126372,0.28565855054241057,0.28572473653025804,3
2025,Aceh,0.17665935699198362,0.41188001946363556,0.20658916049962248,0.20487146304475834,1
2025,Bali,0.24828449942313172,0.241374570486488,0.2553406894762996,0.2550002406140807,2
2025,Banten,0.23670632908901063,0.27866820071287013,0.24245921808355608,0.2421662521145631,1
2025,Bengkulu,0.24759237076290522,0.24636166655241895,0.2531547955172591,0.2528911671674168,2
2025,DKI Jakarta,0.26431327450758224,0.21430097132318784,0.2605852843070843,0.26080046986214567,0
2025,Daerah Istimewa Yogyakarta,0.2911488564128683,0.15368991638840018,0.2771920931519447,0.2779691340467868,0
2025,Gorontalo,0.24176565241356165,0.24362919777994757,0.2577063238374508,0.25689882596903996,2
2025,Jambi,0.26522040742015063,0.151825868067596,0.2920913403415153,0.29086238417073795,2
2025,Jawa Barat,0.2939841530014832,0.13636302994595137,0.28450057312783406,0.28515224392473143,0
2025,Jawa Tengah,0.30288650786451804,0.1395772879777224,0.2781367998289231,0.2793994043288366,0
2025,Jawa Timur,0.3596098607994836,0.07221039481315358,0.28238468531314626,0.28579505907421654,0
2025,Kalimantan Barat,0.28027404028172376,0.1605612889210221,0.27949954013481954,0.2796651306624347,0
2025,Kalimantan Selatan,0.3562202003461179,0.06978510928141024,0.28536968086270237,0.28862500950976944,0
2025,Kalimantan Tengah,0.30403367305361323,0.07547542070063741,0.3100746737232008,0.3104162325225486,3
2025,Kalimantan Timur,0.3639624518686614,0.06692309867435473,0.2827694903500407,0.2863449591069432,0
2025,Kalimantan Utara,0.3000677768673123,0.14340417913115142,0.2776946277845294,0.27883341621700686,0
2025,Kepulauan Bangka Belitung,0.30634627971009065,0.1305169251762294,0.28091915669366635,0.2822176384200136,0
2025,Kepulauan Riau,0.2904321168112621,0.13790914569987556,0.2856345897242419,0.2860241477646205,0
2025,Lampung,0.26163739664580427,0.21861835060985058,0.25981212000128484,0.2599321327430603,0
2025,Maluku,0.12820989984252792,0.582358475253049,0.14519949740551463,0.14423212749890854,1
2025,Maluku Utara,0.2815093105493544,0.15123965930907904,0.28360697143311236,0.28364405870845416,3
2025,Nusa Tenggara Barat,0.22782184254482107,0.2803876281883995,0.24637090927389668,0.24541961999288273,1
2025,Nusa Tenggara Timur,0.10151224871694955,0.6519219855146698,0.12395684948008878,0.12260891628829179,1
2025,Papua,0.15750137794506125,0.4893646438650682,0.17712015290635005,0.17601382528352044,1
2025,Papua Barat,0.22053484189559577,0.3206557833649568,0.22964754149629862,0.22916183324314882,1
2025,Papua Barat Daya,0.28131713015484144,0.17291241306418703,0.2726325816603708,0.2731378751206007,0
2025,Papua Pegunungan,0.21912609570166044,0.3268793943411053,0.2272162107532775,0.22677829920395684,1
2025,Papua Selatan,0.2077301753510824,0.3453527920826202,0.22389530510495545,0.2230217274613419,1
2025,Papua Tengah,0.23953051489876181,0.2687518647082403,0.24602545110888308,0.2456921692841148,1
2025,Riau,0.2917268620326293,0.14536796063248292,0.28112726218824224,0.2817779151466456,0
2025,Sulawesi Barat,0.2792469041384989,0.16922926623579676,0.27561812960106774,0.2759057000246366,0
2025,Sulawesi Selatan,0.28587908417957436,0.054176610509859474,0.33068014619462793,0.3292641591159382,2
2025,Sulawesi Tengah,0.22065289764964535,0.3170033146195589,0.2314601890898079,0.2308835986409878,1
2025,Sulawesi Tenggara,0.293609219331543,0.1422574497050002,0.28171128532535433,0.2824220456381024,0
2025,Sulawesi Utara,0.2840725973588677,0.14315995417627447,0.2863562346440941,0.28641121382076373,3
2025,Sumatera Barat,0.324175127082267,0.098952502065312,0.2875011024420287,0.28937126841039235,0
2025,Sumatera Selatan,0.28542388969036386,0.16684310029729385,0.27354786716396884,0.27418514284837353,0
2025,Sumatera Utara,0.30142148564752314,0.11373151325118479,0.2920763217268667,0.29277067937442536,0
