Tahun,Provinsi,u_cluster_0,u_cluster_1,u_cluster_2,u_cluster_3,label
2019,Aceh,0.43229138163463643,0.1936738733320147,0.19251608493456668,0.18151866009878215,0
2019,Bali,0.248783115157139,0.2533065420865221,0.2526078185753638,0.24530252418097503,1
2019,Banten,0.23738840855752855,0.25457947659843283,0.2545098581274134,0.2535222567166252,1
2019,Bengkulu,0.21931571682861442,0.26204366920922834,0.26163479647764576,0.25700581748451157,1
2019,DKI Jakarta,0.22971238440574282,0.2565427305957444,0.25661246414020483,0.257132420858308,3
2019,Daerah Istimewa Yogyakarta,0.14768472799416998,0.27770584138703464,0.2792867808362585,0.29532264978253686,3
2019,Gorontalo,0.1381550676515808,0.28823415441616385,0.28816600223479993,0.28544477569745536,1
2019,Jambi,0.31847706681957677,0.23303335430595348,0.231548064999416,0.2169415138750537,0
2019,Jawa Barat,0.19375382447204112,0.2676166790003585,0.267953079824911,0.27067641670268927,3
2019,Jawa Tengah,0.09456220527806145,0.28621660502040397,0.28982648853180815,0.32939470116972647,3
2019,Jawa Timur,0.09295044586354635,0.2855806780892066,0.2893997960174796,0.33206908002976737,3
2019,Kalimantan Barat,0.13333014930204307,0.2906098961946256,0.29041462935370493,0.2856453251496264,1
2019,Kalimantan Selatan,0.09856791571135075,0.2852725246248195,0.2887615031596259,0.3273980565042039,3
2019,Kalimantan Tengah,0.07655036428545917,0.2923970355094495,0.2961187486709304,0.3349338515341608,3
2019,Kalimantan Timur,0.09000150837143026,0.2891003011609465,0.2924949813096201,0.3284032091580032,3
2019,Kalimantan Utara,0.142554991839842,0.2798141210012541,0.2813108378378042,0.29632004932109973,3
2019,Kepulauan Bangka Belitung,0.3647726944209527,0.21575824776307334,0.21472541769589792,0.204743640120076,0
2019,Kepulauan Riau,0.14460530981494712,0.2948119917533304,0.29254622539731706,0.2680364730344054,1
2019,Lampung,0.19893300084165752,0.2668450855265074,0.26694390511749033,0.26727800851434486,3
2019,Maluku,0.18703799147619796,0.2815086017756978,0.2788800981523252,0.25257330859577903,1
2019,Maluku Utara,0.20758161647524342,0.26590583774660403,0.2655272794927638,0.26098526628538876,1
2019,Nusa Tenggara Barat,0.18957946860180763,0.2691658233715704,0.2694636409848218,0.2717910670418001,3
2019,Nusa Tenggara Timur,0.669335852117217,0.11606398901877098,0.11445893593199233,0.1001412229320196,0
2019,Papua,0.29849881687554536,0.23653124148104512,0.2358553440996238,0.22911459754378574,0
2019,Papua Barat,0.27089533228443063,0.24451326020626984,0.24414704990550806,0.24044435760379146,0
2019,Riau,0.27834554407018536,0.24434939792723426,0.24341765572885152,0.23388740227372884,0
2019,Sulawesi Barat,0.16261301841248296,0.27444049852977165,0.2756154429530445,0.28733104010470084,3
2019,Sulawesi Selatan,0.06404910168059591,0.30527128888906024,0.3074582723795808,0.323221337050763,3
2019,Sulawesi Tengah,0.34955347036292217,0.22319532558025165,0.22154689200932537,0.20570431204750078,0
2019,Sulawesi Tenggara,0.18125778228134273,0.2748182183601434,0.27443554066269377,0.26948845869582017,1
2019,Sulawesi Utara,0.1530351767919005,0.28024438527676576,0.2808621684406442,0.28585826949068954,3
2019,Sumatera Barat,0.08381271515746935,0.29061816171444615,0.29414345172231116,0.3314256714057735,3
2019,Sumatera Selatan,0.16781408349141616,0.27409672018176096,0.2749607131503999,0.2831284831764231,3
2019,Sumatera Utara,0.21124258677265534,0.26802572839816574,0.2668135527344789,0.25391813209470004,1
2020,Aceh,0.3713536055972205,0.212936815548531,0.21206013577127217,0.2036494430829764,0
2020,Bali,0.27474096571552814,0.244151732862421,0.2435575863095344,0.23754971511251644,0
2020,Banten,0.22619443115245425,0.25779414655115096,0.2578554318129049,0.25815599048348997,3
2020,Bengkulu,0.0914024166365645,0.289523850426581,0.2927197094590386,0.32635402347781595,3
2020,DKI Jakarta,0.22488133896584703,0.25783997040638634,0.2579909054850052,0.2592877851427614,3
2020,Daerah Istimewa Yogyakarta,0.1336474269621503,0.27993946729038,0.28206065368190886,0.3043524520655608,3
2020,Gorontalo,0.09018072021327005,0.2877332311510821,0.2913272227116328,0.33075882592401495,3
2020,Jambi,0.4199848960715273,0.2000633087282409,0.1982988047152401,0.18165299048499173,0
2020,Jawa Barat,0.12959724997987568,0.2848396161854728,0.2862558825838283,0.29930725125082314,3
2020,Jawa Tengah,0.07977545832766919,0.2971661199394665,0.2997855140309652,0.323272907701899,3
2020,Jawa Timur,0.09920472681671397,0.2849763959178119,0.2884841235054281,0.3273347537600461,3
2020,Kalimantan Barat,0.09032128669543357,0.2905691921789843,0.29365563823829505,0.325453882887287,3
2020,Kalimantan Selatan,0.1008057840672277,0.2850317478416319,0.2884134293597772,0.3257490387313632,3
2020,Kalimantan Tengah,0.07480497872680576,0.29765292686144856,0.3004926456551429,0.32704944875660275,3
2020,Kalimantan Timur,0.09230004446095659,0.28634734098344705,0.2900723799466037,0.3312802346089927,3
2020,Kalimantan Utara,0.14165757633904452,0.28084933453787103,0.282201023938907,0.2952920651841775,3
2020,Kepulauan Bangka Belitung,0.1795775252594481,0.2762916582616699,0.27569938011623685,0.2684314363626452,1
2020,Kepulauan Riau,0.152747879630905,0.2836672857683071,0.2835203705533289,0.280064464047459,1
2020,Lampung,0.19449339538801158,0.27826864203023977,0.2758376504616407,0.2514003121201079,1
2020,Maluku,0.4484516764256342,0.18841796166033495,0.1872238653682155,0.17590649654581542,0
2020,Maluku Utara,0.1510812296532653,0.2810178794846408,0.2816030182648691,0.2862978725972248,3
2020,Nusa Tenggara Barat,0.34127472905068157,0.22381782067211248,0.2227390785737324,0.2121683717034736,0
2020,Nusa Tenggara Timur,0.4647486188743192,0.18983917558908334,0.1866811823978747,0.1587310231387229,0
2020,Papua,0.42964933157804736,0.1951374113048297,0.19382687267751209,0.1813863844396109,0
2020,Papua Barat,0.26988313606594033,0.24506918632837293,0.24465155252797144,0.2403961250777153,0
2020,Riau,0.35860917411341725,0.21711558410943968,0.2162627818206291,0.20801245995651393,0
2020,Sulawesi Barat,0.2404833053298888,0.254805720576713,0.25443197607331747,0.2502789980200807,1
2020,Sulawesi Selatan,0.07029757898031389,0.30643315902744,0.3078292485315891,0.3154400134606571,3
2020,Sulawesi Tengah,0.13969045642927835,0.28100586181392234,0.2824710975966685,0.2968325841601308,3
2020,Sulawesi Tenggara,0.0847004808227985,0.29484855512202884,0.2974969424693675,0.3229540215858053,3
2020,Sulawesi Utara,0.23052851093576535,0.2561079545901124,0.25621597860182277,0.2571475558722995,3
2020,Sumatera Barat,0.07301622797349294,0.2910593826197803,0.29524210987795285,0.3406822795287739,3
2020,Sumatera Selatan,0.08887836955771741,0.2890919478849229,0.2925642954076054,0.32946538714975426,3
2020,Sumatera Utara,0.09762318403782284,0.29243922137071776,0.29461180358303124,0.31532579100842817,3
2021,Aceh,0.5311305267339285,0.1612803633629532,0.15995693585749646,0.14763217404562173,0
2021,Bali,0.26492873198174977,0.24782695676471533,0.2471401224841481,0.2401041887693868,0
2021,Banten,0.20535027354548552,0.26445421413412173,0.264612266347344,0.2655832459730488,3
2021,Bengkulu,0.1919887643037906,0.26874961768252137,0.2689424879659651,0.27031913004772296,3
2021,DKI Jakarta,0.211631457952583,0.26159115698830976,0.2619127495810827,0.2648646354780245,3
2021,Daerah Istimewa Yogyakarta,0.18070492637077135,0.27014404334251757,0.2709047160154941,0.278246314271217,3
2021,Gorontalo,0.29814814836057535,0.23573064146825987,0.23527807539082995,0.2308431347803349,0
2021,Jambi,0.202382547274128,0.2658508085723392,0.26591249179851867,0.2658541523550141,2
2021,Jawa Barat,0.14636318235101306,0.28087844288313785,0.2818961190842579,0.29086225568159124,3
2021,Jawa Tengah,0.08939431508489593,0.29812163067604136,0.2998038548628468,0.3126801993762159,3
2021,Jawa Timur,0.09149256917891335,0.2878765208972389,0.29138862518951697,0.3292422847343307,3
2021,Kalimantan Barat,0.11158147499291067,0.28616093948580695,0.2885958200336793,0.3136617654876031,3
2021,Kalimantan Selatan,0.09109292751496995,0.28604185720593617,0.289892880810571,0.3329723344685228,3
2021,Kalimantan Tengah,0.2221278586611908,0.2674583730812698,0.26542667521023183,0.24498709304730748,1
2021,Kalimantan Timur,0.07010434706228681,0.28767298294511223,0.29264239244228885,0.3495802775503121,3
2021,Kalimantan Utara,0.16684746212923546,0.27340627603944767,0.27448202690021084,0.28526423493110603,3
2021,Kepulauan Bangka Belitung,0.27715649377387874,0.24568361402366318,0.24450429523009248,0.23265559697236562,0
2021,Kepulauan Riau,0.28915153835161056,0.2404451549058218,0.23958025541404482,0.23082305132852285,0
2021,Lampung,0.1670420002700902,0.28977555295499346,0.2867752725805972,0.25640717419431913,1
2021,Maluku,0.4995521911978069,0.1715786505256651,0.17031979361076013,0.15854936466576777,0
2021,Maluku Utara,0.24633588775828805,0.2538984283967768,0.25325401556941746,0.2465116682755177,1
2021,Nusa Tenggara Barat,0.2810274291788588,0.2445512989160707,0.2433436664414693,0.2310776054636013,0
2021,Nusa Tenggara Timur,0.30035818935758346,0.24033303264218683,0.2385285010728904,0.22078027692733937,0
2021,Papua,0.31081970789932895,0.2416267473614009,0.23844747192822308,0.20910607281104704,0
2021,Papua Barat,0.345080986370865,0.22130013119780906,0.2205325167020398,0.21308636572928613,0
2021,Riau,0.11812905970484125,0.28463881237566796,0.28690507320721065,0.3103270547122801,3
2021,Sulawesi Barat,0.16906340061980502,0.27584896947724985,0.276227777572233,0.2788598523307122,3
2021,Sulawesi Selatan,0.0866911461834315,0.30302555991817903,0.3037994516140945,0.306483842284295,3
2021,Sulawesi Tengah,0.34203330620461553,0.22362567044583181,0.2225299440928474,0.2118110792567053,0
2021,Sulawesi Tenggara,0.11524678286056879,0.2878530816362756,0.2896777331113893,0.3072224023917663,3
2021,Sulawesi Utara,0.12356445271049148,0.29497495080861535,0.29455764015339386,0.2869029563274993,1
2021,Sumatera Barat,0.08918569734485185,0.28905549243797674,0.29247873864244767,0.3292800715747237,3
2021,Sumatera Selatan,0.06733380278526459,0.28966215482287794,0.2945135569883047,0.34849048540355276,3
2021,Sumatera Utara,0.4551652816909838,0.18754909839779071,0.18598978963049026,0.17129583028073522,0
2022,Aceh,0.568560194077187,0.1513062830767414,0.1492572523721383,0.13087627047393324,0
2022,Bali,0.24306019089174788,0.2541947392149913,0.25374726283155624,0.24899780706170466,1
2022,Banten,0.2002765298393007,0.26628151759128016,0.2664177099829576,0.26702424258646146,3
2022,Bengkulu,0.15328812831592595,0.2768908486919451,0.2782240865378089,0.29159693645432,3
2022,DKI Jakarta,0.21496214008471104,0.26381971948687294,0.26333824393813315,0.2578798964902828,1
2022,Daerah Istimewa Yogyakarta,0.13319128066457225,0.2818644912194341,0.28362276793476754,0.3013214601812261,3
2022,Gorontalo,0.30013514055388324,0.23905222308815588,0.23758874870014998,0.2232238876578108,0
2022,Jambi,0.22666429311652522,0.26301087336717477,0.26174167680796145,0.2485831567083385,1
2022,Jawa Barat,0.1668358812916114,0.276399602960146,0.27684101197564637,0.2799235037725962,3
2022,Jawa Tengah,0.0901640441160892,0.29900314353016494,0.3004534549130688,0.3103793574406771,3
2022,Jawa Timur,0.08147070196207279,0.28968978266706114,0.29357506409734885,0.3352644512735172,3
2022,Kalimantan Barat,0.14210507990388993,0.28498217025777856,0.28537989276301295,0.2875328570753185,3
2022,Kalimantan Selatan,0.08434542068180234,0.28828637814657826,0.2921971810911941,0.33517102008042526,3
2022,Kalimantan Tengah,0.2125941165433752,0.2700731504721401,0.2682014441280895,0.24913128885639527,1
2022,Kalimantan Timur,0.08755654216068225,0.28649164444903824,0.29050049678528606,0.3354513166049934,3
2022,Kalimantan Utara,0.1668318372526487,0.27341030677296446,0.2744863524283699,0.285271503546017,3
2022,Kepulauan Bangka Belitung,0.16218034296928172,0.28158241253771477,0.2811377957153741,0.2750994487776294,1
2022,Kepulauan Riau,0.2263905419263712,0.2589789673615436,0.25873930500674736,0.2558911857053378,1
2022,Lampung,0.0935705737944923,0.2878107149381655,0.29117520217291193,0.32744350909443026,3
2022,Maluku,0.1259413016222179,0.28647378826705494,0.2877683933061249,0.29981651680460225,3
2022,Maluku Utara,0.32620107245172203,0.22735034835010431,0.22665049759289843,0.21979808160527525,0
2022,Nusa Tenggara Barat,0.30944767922598865,0.23638682909901249,0.2348238891355181,0.21934160253948087,0
2022,Nusa Tenggara Timur,0.421961113935058,0.2000318281592933,0.19808722488784045,0.17991983301780828,0
2022,Papua,0.33861250584773894,0.2232503568090686,0.22253514588653486,0.2156019914566575,0
2022,Papua Barat,0.34072851932243314,0.22253223325583688,0.22181895367756457,0.21492029374416544,0
2022,Papua Barat Daya,0.512473326131224,0.1674672949552452,0.1661564453522348,0.15390293356129606,0
2022,Papua Pegunungan,0.327006758337501,0.2266869406667074,0.22608145553711356,0.2202248454586781,0
2022,Papua Selatan,0.2551239047472044,0.2531323451178018,0.25193510967486066,0.23980864046013323,0
2022,Papua Tengah,0.2687558629766543,0.24562660971573344,0.245161457583659,0.24045606972395325,0
2022,Riau,0.2272078429516051,0.26443531402943665,0.26275943452636075,0.24559740849259756,1
2022,Sulawesi Barat,0.16906340061980502,0.27584896947724985,0.276227777572233,0.2788598523307122,3
2022,Sulawesi Selatan,0.07278790611610098,0.29795196639318206,0.30089742239475736,0.3283627050959596,3
2022,Sulawesi Tengah,0.4319542581859238,0.19570637998671173,0.19403785166308457,0.17830151016427984,0
2022,Sulawesi Tenggara,0.0960505138687056,0.2920976467370196,0.29446224315480807,0.31738959623946683,3
2022,Sulawesi Utara,0.1280592897275913,0.2938346947288518,0.29328757529860056,0.28481844024495623,1
2022,Sumatera Barat,0.07394770241523141,0.2893189505074552,0.2937403596168425,0.34299298746047086,3
2022,Sumatera Selatan,0.07661823459413038,0.2878986783566861,0.2923961649020456,0.343086922147138,3
2022,Sumatera Utara,0.16743141539137715,0.285334458242319,0.28350942233455906,0.2637247040317447,1
2023,Aceh,0.63199434180326,0.12885179390220466,0.12716110082857013,0.1119927634659652,0
2023,Bali,0.22885999436557594,0.2585493666805247,0.25820475461616593,0.25438588433773335,1
2023,Banten,0.19494004917831892,0.26666077142112327,0.2671224166714858,0.27127676272907203,3
2023,Bengkulu,0.11777415261475989,0.28308039819088265,0.28568771327033143,0.3134577359240261,3
2023,DKI Jakarta,0.2116232172484682,0.26159357869138106,0.261915256542657,0.2648679475174938,3
2023,Daerah Istimewa Yogyakarta,0.1620785491074129,0.275280679210489,0.2763201429680647,0.28632062871403335,3
2023,Gorontalo,0.2995727521412618,0.2375498808096765,0.23652710720583048,0.22635025984323123,0
2023,Jambi,0.1511774950267672,0.28007519036837714,0.2808837180481119,0.2878635965567438,3
2023,Jawa Barat,0.1734582002557894,0.27412355181630405,0.27456423522988926,0.27785401269801724,3
2023,Jawa Tengah,0.08696684583408011,0.3012549774928359,0.30247688722770727,0.3093012894453767,3
2023,Jawa Timur,0.08029816988353237,0.2883777041152962,0.29256877116405017,0.33875535483712127,3
2023,Kalimantan Barat,0.14360422636146056,0.2824945793818866,0.2833312137259505,0.2905699805307024,3
2023,Kalimantan Selatan,0.09503716489994807,0.28570242281490116,0.289356610646401,0.3299038016387497,3
2023,Kalimantan Tengah,0.11105979223778298,0.3101613947325484,0.3068532043428678,0.2719256086868009,1
2023,Kalimantan Timur,0.09345637356338918,0.2858923370379645,0.2896185950981448,0.33103269430050164,3
2023,Kalimantan Utara,0.16683145478958109,0.27391455780848284,0.274886105088944,0.28436788231299204,3
2023,Kepulauan Bangka Belitung,0.11914532512788782,0.30769273540369646,0.30431643624297516,0.2688455032254405,1
2023,Kepulauan Riau,0.10076014705851294,0.2975477365383548,0.2984251562041018,0.3032669601990304,3
2023,Lampung,0.07013077169805063,0.29496553843710194,0.29867078444373957,0.33623290542110784,3
2023,Maluku,0.27055463327146273,0.24735280751861707,0.24631548642049783,0.23577707278942237,0
2023,Maluku Utara,0.1510250898483825,0.2834866536046283,0.28350531507144305,0.28198294147554603,2
2023,Nusa Tenggara Barat,0.22111403368155283,0.26179440624312467,0.2613260305862066,0.25576552948911585,1
2023,Nusa Tenggara Timur,0.758016487009866,0.08473223663153472,0.08361566370555133,0.07363561265304785,0
2023,Papua,0.43834324931355945,0.1916787283711702,0.19051365553949037,0.1794643667757801,0
2023,Papua Barat,0.3962732381051311,0.2049071195607242,0.20395636044574925,0.19486328188839552,0
2023,Papua Barat Daya,0.42472225523581414,0.19598633197798776,0.19488294470473302,0.18440846808146508,0
2023,Papua Pegunungan,0.327006758337501,0.2266869406667074,0.22608145553711356,0.2202248454586781,0
2023,Papua Selatan,0.36583211697916684,0.2149108810293422,0.21400182343411578,0.2052551785573752,0
2023,Papua Tengah,0.2687558629766543,0.24562660971573344,0.245161457583659,0.24045606972395325,0
2023,Riau,0.36181759410399705,0.21980827992292026,0.21796084409869299,0.20041328187438978,0
2023,Sulawesi Barat,0.16906340061980496,0.27584896947724985,0.276227777572233,0.2788598523307122,3
2023,Sulawesi Selatan,0.05581237898999664,0.30895220691663644,0.31107585510768526,0.32415955898568155,3
2023,Sulawesi Tengah,0.32317341522018456,0.2299525118546248,0.22885589783831706,0.21801817508687357,0
2023,Sulawesi Tenggara,0.08775417937206366,0.29622410705553764,0.29835140725455567,0.31767030631784304,3
2023,Sulawesi Utara,0.17447947474884107,0.28008469839682154,0.2789833073634673,0.2664525194908701,1
2023,Sumatera Barat,0.06899399741760882,0.28945943702449406,0.29420755549446054,0.3473390100634366,3
2023,Sumatera Selatan,0.10204783973335707,0.2878087162815724,0.2905914528142417,0.31955199117082883,3
2023,Sumatera Utara,0.3932597831699972,0.20903801441017433,0.20726023703798216,0.19044196538184624,0
2024,Aceh,0.599695483508089,0.13941634773677244,0.13779835537528434,0.12308981337985422,0
2024,Bali,0.23009184108296468,0.2583501483301782,0.25795596791481545,0.2536020426720416,1
2024,Banten,0.1873159336119202,0.2687540873140524,0.26932815402754595,0.2746018250464814,3
2024,Bengkulu,0.12656409038865554,0.2810231397271732,0.28341330635761336,0.3089994635265579,3
2024,DKI Jakarta,0.21195641347709301,0.26149563538919074,0.26181387236012726,0.26473407877358895,3
2024,Daerah Istimewa Yogyakarta,0.15996252319955953,0.2762000844859398,0.2772039180034512,0.28663347431104946,3
2024,Gorontalo,0.3523812109446371,0.22009251553182407,0.21900794370138826,0.20851832982215052,0
2024,Jambi,0.08325712406287189,0.29505489790367795,0.29780611172940624,0.323881866304044,3
2024,Jawa Barat,0.13637043932490372,0.28457037617735925,0.2855430377333865,0.29351614676435056,3
2024,Jawa Tengah,0.09003063418538594,0.29820650149398165,0.29982037287043456,0.31194249145019776,3
2024,Jawa Timur,0.06279173724813147,0.2909425542529674,0.29590283543403395,0.3503628730648671,3
2024,Kalimantan Barat,0.15088521652809408,0.2795987250770604,0.28052092072593743,0.2889951376689081,3
2024,Kalimantan Selatan,0.10207543097578262,0.2870694593910159,0.28999078681071633,0.3208643228224851,3
2024,Kalimantan Tengah,0.2165662753866032,0.27002121358652165,0.26781681988485423,0.24559569114202096,1
2024,Kalimantan Timur,0.07225441503896379,0.2885268008259055,0.2932159260968632,0.3460028580382675,3
2024,Kalimantan Utara,0.165565482095648,0.2742648625912521,0.27525532606624625,0.28491432924685367,3
2024,Kepulauan Bangka Belitung,0.24427589302141703,0.2546374462171465,0.2539801602005196,0.2471065005609169,1
2024,Kepulauan Riau,0.09966386466676122,0.2907156309601779,0.293113431594591,0.3165070727784698,3
2024,Lampung,0.1352665332417286,0.28776408819762295,0.2880568330254199,0.2889125455352285,3
2024,Maluku,0.3807385948306439,0.20996728003523488,0.2090470125676982,0.20024711256642308,0
2024,Maluku Utara,0.15102508984838253,0.2834866536046283,0.28350531507144305,0.28198294147554603,2
2024,Nusa Tenggara Barat,0.40395376210957284,0.2069230961030742,0.2047469037051369,0.18437623808221612,0
2024,Nusa Tenggara Timur,0.6278121727600767,0.1290088752660871,0.12767691010983492,0.11550204186400127,0
2024,Papua,0.3639782906315063,0.21741819131678064,0.21602503601596912,0.20257848203574397,0
2024,Papua Barat,0.322371436403823,0.22857315689047703,0.22788761168434526,0.22116779502135472,0
2024,Papua Barat Daya,0.512473326131224,0.1674672949552452,0.1661564453522348,0.15390293356129606,0
2024,Papua Pegunungan,0.327006758337501,0.2266869406667074,0.22608145553711356,0.2202248454586781,0
2024,Papua Selatan,0.3236610972476412,0.22874585068158948,0.22790484358419819,0.2196882084865712,0
2024,Papua Tengah,0.2687558629766543,0.24562660971573344,0.245161457583659,0.24045606972395325,0
2024,Riau,0.18981059340639314,0.27033946882636933,0.2703379544574752,0.2695119833097624,1
2024,Sulawesi Barat,0.11037691072614465,0.29978985242162304,0.2993441893553788,0.2904890474968535,1
2024,Sulawesi Selatan,0.05189283587223586,0.30974126667372,0.3120580047862314,0.32630789266781274,3
2024,Sulawesi Tengah,0.43014512747281825,0.1950620669324183,0.19372803582838308,0.1810647697663804,0
2024,Sulawesi Tenggara,0.1323301839411557,0.2846607405647153,0.28588753307276293,0.29712154242136607,3
2024,Sulawesi Utara,0.2468270054570996,0.25752627679198553,0.25591977251489767,0.23972694523601723,1
2024,Sumatera Barat,0.08895970236345187,0.2950988077006782,0.297375773483037,0.3185657164528329,3
2024,Sumatera Selatan,0.16799356177777522,0.2881583638383485,0.28549120184792093,0.2583568725359553,1
2024,Sumatera Utara,0.14454802755035312,0.2855493230942433,0.28560502786743475,0.28429762148796883,2
2025,Aceh,0.4121617077512547,0.20474636099129453,0.20238979277164582,0.18070213848580505,0
2025,Bali,0.24131523755422393,0.25491969588946034,0.2544394494868935,0.24932561706942222,1
2025,Banten,0.2786917990300282,0.242097489496603,0.24168834864318656,0.23752236283018222,0
2025,Bengkulu,0.24630440835805684,0.2528233052513806,0.2524506149103709,0.24842167148019165,1
2025,DKI Jakarta,0.2142355884361716,0.26082422465879346,0.26111927130349943,0.2638209156015354,3
2025,Daerah Istimewa Yogyakarta,0.1535585462565991,0.27806120804797,0.2791324149270351,0.28924783076839583,3
2025,Gorontalo,0.24355166606949002,0.2567555518822807,0.25562518348499214,0.24406759856323715,1
2025,Jambi,0.15161536836540077,0.29047371777860503,0.2887178583402746,0.2691930555157197,1
2025,Jawa Barat,0.13616607854725193,0.2850679415492559,0.2859415833520716,0.2928243965514205,3
2025,Jawa Tengah,0.13949386974396158,0.27968390417315336,0.28144732174875553,0.2993749043341296,3
2025,Jawa Timur,0.072326013816795,0.28734754519276196,0.29222349693492605,0.34810294405551695,3
2025,Kalimantan Barat,0.16035538756693518,0.2795569881851963,0.279760329036429,0.2803272952114395,3
2025,Kalimantan Selatan,0.06981608177460588,0.28986522092551087,0.29449250044819253,0.34582619685169075,3
2025,Kalimantan Tengah,0.07515182841994686,0.3095287876802998,0.3098574254020037,0.3054619584977496,2
2025,Kalimantan Timur,0.06703817772794496,0.28799007028158774,0.29310537740721193,0.3518663745832554,3
2025,Kalimantan Utara,0.14332132006967838,0.2790982912091661,0.2806889151577242,0.2968914735634313,3
2025,Kepulauan Bangka Belitung,0.13041556457193496,0.282513704325461,0.2843266544330798,0.3027440766695242,3
2025,Kepulauan Riau,0.1376719077356943,0.28593884831461935,0.2864511846770367,0.2899380592726497,3
2025,Lampung,0.2185510380883496,0.25993432734647604,0.2600959293600565,0.26141870520511784,3
2025,Maluku,0.5830297709235875,0.1439704788397547,0.14264430398287653,0.13035544625378126,0
2025,Maluku Utara,0.15102508984838253,0.2834866536046283,0.28350531507144305,0.28198294147554603,2
2025,Nusa Tenggara Barat,0.2803342639721432,0.2452563860741895,0.24392784246422988,0.23048150748943733,0
2025,Nusa Tenggara Timur,0.6524185434414201,0.12249879619196193,0.12066397379099794,0.10441868657561999,0
2025,Papua,0.4898331512385728,0.17580291751101496,0.17428279974821026,0.160081131502202,0
2025,Papua Barat,0.3207503287379002,0.22906466464718936,0.22839137871129178,0.2217936279036187,0
2025,Papua Barat Daya,0.17277761034358743,0.2731806967433182,0.2738728320225515,0.2801688608905428,3
2025,Papua Pegunungan,0.327006758337501,0.2266869406667074,0.22608145553711356,0.2202248454586781,0
2025,Papua Selatan,0.3454857021173218,0.22288031517027257,0.22167141512664953,0.20996256758575607,0
2025,Papua Tengah,0.2687558629766543,0.24562660971573344,0.245161457583659,0.24045606972395325,0
2025,Riau,0.1451906995150254,0.2817844106437896,0.2826690569822697,0.2903558328589153,3
2025,Sulawesi Barat,0.16906340061980496,0.27584896947724985,0.276227777572233,0.2788598523307122,3
2025,Sulawesi Selatan,0.05390556128577756,0.32778148135131074,0.3255648206796417,0.29274813668326993,1
2025,Sulawesi Tengah,0.3170879090147979,0.23077925760192233,0.22997987292145683,0.22215296046182295,0
2025,Sulawesi Tenggara,0.14207724566828348,0.2824515817733998,0.2834215858189421,0.2920495867393746,3
2025,Sulawesi Utara,0.14290391841436506,0.28622397434701613,0.28626197876600096,0.28461012847261785,2
2025,Sumatera Barat,0.09883739600853127,0.2897812833147844,0.29239555761750213,0.31898576305918225,3
2025,Sumatera Selatan,0.16672295660056333,0.2743019839049107,0.27518513020941204,0.28378992928511393,3
2025,Sumatera Utara,0.11348298104101981,0.292626887515352,0.29354944091676466,0.3003406905268636,3
