Tahun,Provinsi,u_cluster_0,u_cluster_1,u_cluster_2,u_cluster_3,label
2019,Aceh,0.4328571892487447,0.18912843679343577,0.188957228628932,0.18905714532888754,0
2019,Bali,0.24869585877227893,0.25048675206933085,0.250376507516124,0.2504408816422663,1
2019,Banten,0.23732041134586399,0.2542329276389003,0.2542193638854667,0.254227297129769,1
2019,Bengkulu,0.2191600838218945,0.2603121184469909,0.2602440029737059,0.26028379475740865,1
2019,DKI Jakarta,0.22964582157362998,0.25678053249679766,0.2567894094553335,0.25678423647423887,2
2019,Daerah Istimewa Yogyakarta,0.14755828993842163,0.2840319618585627,0.2842761572538744,0.2841335909491413,2
2019,Gorontalo,0.13775497275056534,0.28742956504556316,0.2873986566472145,0.28741680555665694,1
2019,Jambi,0.3185732992643895,0.2272484832357715,0.22702342323622166,0.22715479426361743,0
2019,Jawa Barat,0.19358570254811502,0.26878347125828567,0.268828556198637,0.26880226999496226,2
2019,Jawa Tengah,0.09460640305358756,0.30152099914891706,0.3021076135048405,0.30176498429265486,2
2019,Jawa Timur,0.09305166174523655,0.3020196419251192,0.3026478210532786,0.3022808752763656,2
2019,Kalimantan Barat,0.13290320143940007,0.2890596872382272,0.28900149814136145,0.28903561318101123,1
2019,Kalimantan Selatan,0.0986277692199605,0.3001881435320519,0.3007586694060343,0.30042541784195326,2
2019,Kalimantan Tengah,0.07644645047299407,0.30757424368486397,0.3081609447445843,0.30781836109755767,2
2019,Kalimantan Timur,0.0899425452484719,0.3030978911633926,0.30363727001047114,0.3033222935776643,2
2019,Kalimantan Utara,0.14240220596582268,0.2857575989480454,0.28598708146516266,0.2858531136209693,2
2019,Kepulauan Bangka Belitung,0.36506572378502056,0.21171771807126014,0.21156318066419189,0.21165337747952745,0
2019,Kepulauan Riau,0.144310334897838,0.2854034112879601,0.2850357702639233,0.2852504835502786,1
2019,Lampung,0.19876091455314615,0.2670756597431281,0.2670841840929685,0.2670792416107573,2
2019,Maluku,0.18685637276358746,0.2712387445849225,0.2708344264710229,0.27107045618046716,1
2019,Maluku Utara,0.20734669059333627,0.26424871567102076,0.26418313534019233,0.26422145839545064,1
2019,Nusa Tenggara Barat,0.1893906203567186,0.27018467490215736,0.2702237373496323,0.2702009673914917,2
2019,Nusa Tenggara Timur,0.6702650020255629,0.11001924961242243,0.10979141782149333,0.10992433054052131,0
2019,Papua,0.29858594907164415,0.2338534195904468,0.23375018269772468,0.23381044864018427,0
2019,Papua Barat,0.270925386847774,0.24305152341969682,0.24299506415185376,0.24302802558067543,0
2019,Riau,0.27833086157457076,0.24062475774441913,0.24047990403133004,0.2405644766496801,0
2019,Sulawesi Barat,0.16247085956983617,0.2790916642463391,0.2792711170525599,0.27916635913126486,2
2019,Sulawesi Selatan,0.06362571929645486,0.3119944008427937,0.3122703182988229,0.31210956156192854,2
2019,Sulawesi Tengah,0.34975904683114084,0.2168631341914955,0.21661711708146428,0.21676070189589938,0
2019,Sulawesi Tenggara,0.1809771424319054,0.27304065679410167,0.27297063232738156,0.27301156844661145,1
2019,Sulawesi Utara,0.1527139778723455,0.28238946847955865,0.28247247466222086,0.282424078985875,2
2019,Sumatera Barat,0.08374357195730128,0.3051543887609577,0.3057145864367002,0.3053874528450409,2
2019,Sumatera Selatan,0.16763963360122938,0.2773932487074744,0.27752076766585543,0.27744635002544077,2
2019,Sumatera Utara,0.21103423443931085,0.2630800420513348,0.26288628763132915,0.26299943587802527,1
2020,Aceh,0.3717002133419468,0.20949487048212076,0.2093643784244736,0.20944053775145877,0
2020,Bali,0.274750461370452,0.24179310037020954,0.24170147250057508,0.24175496575876335,0
2020,Banten,0.22610858124967279,0.2579608512655832,0.25796709940932333,0.25796346807542064,2
2020,Bengkulu,0.09132253881143618,0.30265365740289285,0.3031596327514216,0.3028641710342494,2
2020,DKI Jakarta,0.22480199484005947,0.2583894292413583,0.25841040499963963,0.25839817091894257,2
2020,Daerah Istimewa Yogyakarta,0.13358088300710463,0.28864815530823934,0.2889833465285037,0.28878761515615226,2
2020,Gorontalo,0.09019950930891339,0.30299102595719274,0.3035753911215987,0.3032340736122951,2
2020,Jambi,0.42044467488384024,0.19330789898288755,0.19304782762740452,0.1931995985058677,0
2020,Jawa Barat,0.12935651638644602,0.29011725832087343,0.290323193520499,0.29020303177218143,2
2020,Jawa Tengah,0.07947096176578507,0.30666554041444405,0.30704138177467194,0.306822116045099,2
2020,Jawa Timur,0.09927448034327838,0.2999711051810633,0.3005447416060966,0.30020967286956174,2
2020,Kalimantan Barat,0.09017475467052849,0.3030473011227578,0.3035298442074397,0.30324809999927405,2
2020,Kalimantan Selatan,0.10084693613117686,0.2994571703214493,0.300009154625121,0.2996867389222528,2
2020,Kalimantan Tengah,0.07452021248289906,0.308295834501924,0.30871398013618195,0.30846997287899497,2
2020,Kalimantan Timur,0.09236382190464844,0.3022580046516732,0.3028669247392075,0.3025112487044709,2
2020,Kalimantan Utara,0.1414716896417262,0.2860804157682512,0.28628309581661315,0.2861647987734094,2
2020,Kepulauan Bangka Belitung,0.17929109754845013,0.2736189222126636,0.273514466214608,0.2735755140242782,1
2020,Kepulauan Riau,0.15240295550495017,0.2825523858001191,0.2825098674797694,0.28253479121516134,1
2020,Lampung,0.19432756963290598,0.2687344529743972,0.2683595595967441,0.26857841779595265,1
2020,Maluku,0.4490412189287134,0.18373616496651554,0.18355986438347285,0.18366275172129817,0
2020,Maluku Utara,0.15079869884504457,0.28303022471550926,0.28310829638109974,0.28306278005834645,2
2020,Nusa Tenggara Barat,0.34144693356714173,0.21959460976127315,0.21943167570496902,0.21952678096661601,0
2020,Nusa Tenggara Timur,0.4654509063491453,0.1783942377877501,0.17794697056308048,0.1782078853000241,0
2020,Papua,0.4301743022999867,0.1900333893369589,0.18983960971129474,0.18995269865175965,0
2020,Papua Barat,0.2698967011523577,0.24339831449588384,0.24333360124076978,0.24337138311098871,0
2020,Riau,0.3589002662970701,0.21376016971519635,0.21363253402369872,0.21370702996403476,0
2020,Sulawesi Barat,0.24037845044795572,0.25323615118388404,0.25317477297178775,0.2532106253963725,1
2020,Sulawesi Selatan,0.06983673685282492,0.3099828824681816,0.3101341906862668,0.3100461899927267,2
2020,Sulawesi Tengah,0.13948811713771625,0.2867327012737282,0.2869542505202557,0.2868249310682999,2
2020,Sulawesi Tenggara,0.08445147165850449,0.3049957828323244,0.30539199548262125,0.3051607500265498,2
2020,Sulawesi Utara,0.23046199564168607,0.2565055598372542,0.2565206119101833,0.2565118326108764,2
2020,Sumatera Barat,0.07300522114608429,0.3086788938524259,0.3093555402974861,0.3089603447040037,2
2020,Sumatera Selatan,0.08883696594355366,0.30345984255845027,0.3040131572763908,0.3036900342216054,2
2020,Sumatera Utara,0.09738046896658213,0.30072065873869147,0.3010437019689506,0.3008551703257758,2
2021,Aceh,0.5320345937697426,0.1560796374801894,0.15588654748322484,0.15599922126684326,0
2021,Bali,0.26489559295839094,0.24508525056067765,0.24497837981974815,0.24504077666118326,0
2021,Banten,0.20519741576890754,0.26492564228635646,0.264943736707286,0.26493320523745,2
2021,Bengkulu,0.1918020490410726,0.26938801014298003,0.2694119413771336,0.26939799943881376,2
2021,DKI Jakarta,0.21152260280108667,0.262803789461537,0.2628504028180673,0.26282320491930905,2
2021,Daerah Istimewa Yogyakarta,0.1805467672305277,0.2730973405683718,0.27321116221038083,0.2731447299907197,2
2021,Gorontalo,0.2982561472371965,0.23394686332249423,0.23387856034673826,0.23391842909357097,0
2021,Jambi,0.20221578516116925,0.26592681815959357,0.26592944874777746,0.26592794793145974,2
2021,Jawa Barat,0.14611555082149758,0.284560198623921,0.28470409539665487,0.28462015515792655,2
2021,Jawa Tengah,0.08902037549426668,0.3035563263300817,0.3037755290771237,0.3036477690985279,2
2021,Jawa Timur,0.09148692840043186,0.30257119530786963,0.3031358133166128,0.3028060629750857,2
2021,Kalimantan Barat,0.11145653799536799,0.2960018059950455,0.2963817458635375,0.2961599101460489,2
2021,Kalimantan Selatan,0.09118925355511596,0.3026377178625794,0.30327167657556425,0.30290135200674034,2
2021,Kalimantan Tengah,0.22197883158451165,0.25948821785225645,0.25917506828353937,0.25935788227969253,1
2021,Kalimantan Timur,0.0702692537016183,0.309517658517578,0.31034954943544313,0.30986353834536046,2
2021,Kalimantan Utara,0.1667165041685891,0.277683347888455,0.27784818968976704,0.2777519582531889,2
2021,Kepulauan Bangka Belitung,0.27708600423530283,0.24105689221952797,0.2408756475628945,0.24098145598227463,0
2021,Kepulauan Riau,0.28917628990482125,0.23700424762347683,0.23687076737722895,0.2369486950944729,0
2021,Lampung,0.16683544778466466,0.277941274011491,0.2774757504718134,0.277747527732031,1
2021,Maluku,0.5003743366423253,0.16662884361254135,0.16644467451766354,0.1665521452274698,0
2021,Maluku Utara,0.24622810424042046,0.25130530469467194,0.25120360232579436,0.25126298873911324,1
2021,Nusa Tenggara Barat,0.28095109619460157,0.23977121013936503,0.2395842794275349,0.23969341423849855,0
2021,Nusa Tenggara Timur,0.30040373913197443,0.2333279324251784,0.23305430340958674,0.23321402503326044,0
2021,Papua,0.3110687812021235,0.22986238973327341,0.22939931223690146,0.22966951682770162,0
2021,Papua Barat,0.3453142830824882,0.21828290463691566,0.21816782060365583,0.21823499167694035,0
2021,Riau,0.11798832807385135,0.2938365156550777,0.29419109463868554,0.29398406163238544,2
2021,Sulawesi Barat,0.16880286859083438,0.27704374517593794,0.27709023209182015,0.2770631541414075,2
2021,Sulawesi Selatan,0.0862311097611325,0.3045573496981598,0.3046255446355013,0.3045859959052063,2
2021,Sulawesi Tengah,0.3422207653896951,0.21933778102547194,0.2191724854314467,0.21926896815338626,0
2021,Sulawesi Tenggara,0.11501966367054288,0.2948647287448302,0.2951373641884383,0.2949782433961886,2
2021,Sulawesi Utara,0.12310493372858232,0.29234511613006436,0.2922459356582023,0.292304014483151,1
2021,Sumatera Barat,0.08914274357825654,0.30335970018048053,0.3039092512475394,0.3035883049937236,2
2021,Sumatera Selatan,0.06739622532978713,0.31049146210820544,0.3112891254353801,0.31082318712662727,2
2021,Sumatera Utara,0.4557341591553488,0.18153031770803812,0.1813007882673371,0.18143473486927597,0
2022,Aceh,0.569350444787919,0.14368784417137748,0.14339561110722804,0.14356609993347552,0
2022,Bali,0.24297898032711843,0.2523740003833096,0.25230268724278926,0.25234433204678264,1
2022,Banten,0.20010074815927162,0.2666267944583564,0.2666400898881062,0.2666323674942658,2
2022,Bengkulu,0.15313418247671587,0.282192098834447,0.28239653155184596,0.2822771871369912,2
2022,DKI Jakarta,0.2147849278941236,0.26177624905241914,0.26169595950399954,0.26174286354945775,1
2022,Daerah Istimewa Yogyakarta,0.13303284256194367,0.28886142659619324,0.2891317812108899,0.2889739496309731,2
2022,Gorontalo,0.3001847722897898,0.2333763158369737,0.23315480778737097,0.23328410408586553,0
2022,Jambi,0.22649627117136742,0.2579286861232014,0.2577293160159768,0.2578457266894543,1
2022,Jawa Barat,0.16656787144907417,0.27778500137581,0.2778394102957093,0.27780771687940653,2
2022,Jawa Tengah,0.08975805462061348,0.3033301915517318,0.3035075171744563,0.3034042366531984,2
2022,Jawa Timur,0.08146056735161658,0.30588566058759714,0.30650886431359914,0.30614490774718717,2
2022,Kalimantan Barat,0.14174699931856416,0.2860640830124063,0.28610691313336795,0.2860820045356616,2
2022,Kalimantan Selatan,0.0843632258242049,0.3049115976138823,0.3055486295622973,0.3051765469996155,2
2022,Kalimantan Tengah,0.21239946172291863,0.2626708505792833,0.2623799147971225,0.26254977290067544,1
2022,Kalimantan Timur,0.08765537804788057,0.30380285440953547,0.3044639846692525,0.3040777828733314,2
2022,Kalimantan Utara,0.16670086344400592,0.2776885401588234,0.27785342708931615,0.27775716930785455,2
2022,Kepulauan Bangka Belitung,0.16183124284640762,0.27942937030912607,0.27934503650473175,0.27939435033973453,1
2022,Kepulauan Riau,0.22625781156291502,0.2579335041561502,0.25789230500925386,0.25791637927168093,1
2022,Lampung,0.0935495030553523,0.3018948665345322,0.30243576370230213,0.3021198667078134,2
2022,Maluku,0.12568280878787247,0.2913496625440779,0.2915390086931372,0.2914285199749124,2
2022,Maluku Utara,0.3263775757674215,0.22459065090266547,0.22448507394754658,0.22454669938236643,0
2022,Nusa Tenggara Barat,0.30946645893349467,0.23029022259797574,0.23005218239633066,0.230191136072199,0
2022,Nusa Tenggara Timur,0.42240850393267526,0.19266500648500665,0.19238012474533261,0.1925463648369854,0
2022,Papua,0.33885047184521805,0.220433780353794,0.22032659302695026,0.22038915477403767,0
2022,Papua Barat,0.3409693174084035,0.21972728480040588,0.21962055070364175,0.2196828470875489,0
2022,Papua Barat Daya,0.513314920127317,0.1623188924312045,0.16212714823312935,0.16223903920834917,0
2022,Papua Pegunungan,0.3272078869822805,0.2243068108994836,0.2242162114129509,0.224269090705285,0
2022,Papua Selatan,0.25504893494420106,0.24840437648094227,0.24821932698102786,0.24832736159382887,0
2022,Papua Tengah,0.268761990930775,0.24377987729625641,0.24370811934681644,0.24375001242615213,0
2022,Riau,0.22699896965108607,0.25779030290933186,0.2575291167998207,0.25768161063976125,1
2022,Sulawesi Barat,0.16880286859083438,0.27704374517593794,0.27709023209182015,0.2770631541414075,2
2022,Sulawesi Selatan,0.07249933148744472,0.30896243787778194,0.30939545621750225,0.30914277441727106,2
2022,Sulawesi Tengah,0.4324228471797392,0.18930845607668118,0.18906261535983815,0.1892060813837414,0
2022,Sulawesi Tenggara,0.09582273005430625,0.3012246328272305,0.30158003807180633,0.301372599046657,2
2022,Sulawesi Utara,0.12761007078833003,0.2908505585258178,0.2907362399183979,0.29080313076745434,1
2022,Sumatera Barat,0.07400920710121787,0.3083206023314154,0.30904735542222184,0.3086228351451448,2
2022,Sumatera Selatan,0.07672436443131071,0.30740706058375483,0.30815182132330393,0.3077167536616305,2
2022,Sumatera Utara,0.16714019080162748,0.2777596983489009,0.2774635846389219,0.2776365262105498,1
2023,Aceh,0.6329007718579052,0.12248017800833604,0.12223924474206901,0.12237980539168984,0
2023,Bali,0.22874043048687226,0.25711321916614166,0.2570566553799271,0.2570896949670589,1
2023,Banten,0.19479358389832227,0.26837094547393453,0.26843700529828357,0.26839846532945966,2
2023,Bengkulu,0.11773210830818209,0.29389310367643745,0.2943087633366224,0.29406602467875803,2
2023,DKI Jakarta,0.21151434339562927,0.2628065366563644,0.2628531625945686,0.2628259573534378,2
2023,Daerah Istimewa Yogyakarta,0.16190410463453617,0.27929201035235024,0.2794472423759279,0.2793566426371857,2
2023,Gorontalo,0.29961068187430395,0.23353679616416717,0.2333806999632778,0.2334718219982511,0
2023,Jambi,0.15092917820144,0.2829703557470651,0.28308311831327504,0.2830173477382199,2
2023,Jawa Barat,0.17321768509664984,0.27556745719978826,0.2756238643886019,0.27559099331495995,2
2023,Jawa Tengah,0.08652173824747182,0.3044293550285776,0.3045634555331761,0.30448545119077447,2
2023,Jawa Timur,0.0803603223516042,0.30622381631467643,0.3069076404928082,0.30650822084091106,2
2023,Kalimantan Barat,0.14331504849891716,0.28550638930413086,0.2856234080912715,0.2855551541056805,2
2023,Kalimantan Selatan,0.09509912208223097,0.3013511470820575,0.3019496698278535,0.301600061007858,2
2023,Kalimantan Tengah,0.11077659278961784,0.2966578049670353,0.2961281584482086,0.2964374437951383,1
2023,Kalimantan Timur,0.09353635850115306,0.3018662629803969,0.30247708841449933,0.3021202901039507,2
2023,Kalimantan Utara,0.16665431790205337,0.27771276133265316,0.27785919694587313,0.27777372381942034,2
2023,Kepulauan Bangka Belitung,0.11887083849270864,0.2939639284602089,0.2934253785449622,0.29373985450212026,1
2023,Kepulauan Riau,0.10030905159798877,0.2998517330117236,0.2999474418427137,0.299891773547574,2
2023,Lampung,0.0699667902652008,0.3097400720908232,0.31031414703276516,0.30997899061121087,2
2023,Maluku,0.27049418487745214,0.24324440062191177,0.24308383657141547,0.24317757792922057,0
2023,Maluku Utara,0.15068708264109038,0.28311105248974655,0.2830966985953808,0.2831051662737823,1
2023,Nusa Tenggara Barat,0.22090688088848326,0.2597357066870665,0.2596551784332123,0.25970223399123793,1
2023,Nusa Tenggara Timur,0.7591303916623835,0.08036464912219766,0.08020628606170033,0.0802986731537185,0
2023,Papua,0.4389100716930873,0.18711123011237163,0.18693913131532042,0.18703956687922063,0
2023,Papua Barat,0.3966997825098617,0.2011667418237303,0.20102553099854004,0.20110794466786797,0
2023,Papua Barat Daya,0.42526617557065766,0.1916549415270258,0.19149185237270194,0.19158703052961457,0
2023,Papua Pegunungan,0.3272078869822805,0.2243068108994836,0.2242162114129509,0.224269090705285,0
2023,Papua Selatan,0.36615628776462217,0.21134524649784914,0.21120966831391533,0.21128879742361328,0
2023,Papua Tengah,0.268761990930775,0.24377987729625641,0.24370811934681644,0.24375001242615213,0
2023,Riau,0.36204685984247253,0.21278025529757383,0.21250658616965618,0.2126662986902975,0
2023,Sulawesi Barat,0.16880286859083432,0.27704374517593805,0.27709023209182015,0.2770631541414075,2
2023,Sulawesi Selatan,0.055359677795440515,0.31476384716245853,0.31500982315263854,0.31486665188946245,2
2023,Sulawesi Tengah,0.32328600457606427,0.22564997984306961,0.2254833841097468,0.22558063147111931,0
2023,Sulawesi Tenggara,0.08742129719685625,0.30404778372009383,0.30435511486743777,0.30417580421561213,2
2023,Sulawesi Utara,0.17411795298094176,0.2753810457112052,0.27519663453468945,0.27530436677316367,1
2023,Sumatera Barat,0.069079060573647,0.30993744392785266,0.3107204405170321,0.31026305498146817,2
2023,Sumatera Selatan,0.10191806712769641,0.2991540859202268,0.29959168102041894,0.29933616593165785,2
2023,Sumatera Utara,0.39363669285488223,0.20224506812554427,0.2019825060697101,0.20213573294986334,0
2024,Aceh,0.6006363459076928,0.13323099863870383,0.13299850348563272,0.13313415196797063,0
2024,Bali,0.22997127127592906,0.2567067071145268,0.25664215966522314,0.256679861944321,1
2024,Banten,0.18715856039304987,0.27090784980189025,0.27099107513545173,0.27094251466960817,2
2024,Bengkulu,0.1265310051584718,0.2909759360594319,0.29135813030904195,0.29113492847305433,2
2024,DKI Jakarta,0.21184829731490432,0.2626954583914304,0.26274157662537945,0.26271466766828583,2
2024,Daerah Istimewa Yogyakarta,0.15976998462982844,0.2800069462014082,0.28015462388278295,0.2800684452859803,2
2024,Gorontalo,0.3526247895187946,0.2158684112361413,0.21570600453697109,0.21580079470809285,0
2024,Jambi,0.08299924185927327,0.305474139213105,0.30588245389194785,0.3056441650356739,2
2024,Jawa Barat,0.13607583402532292,0.28791253412318774,0.2880442027647841,0.28796742908670525,2
2024,Jawa Tengah,0.08964557156571802,0.303353199019587,0.3035612327947358,0.30343999661995913,2
2024,Jawa Timur,0.06283890995902866,0.31200537377368565,0.3128140162100412,0.3123417000572445,2
2024,Kalimantan Barat,0.15063108383111984,0.28305974675147627,0.2831936498249941,0.2831155195924097,2
2024,Kalimantan Selatan,0.1019893803682244,0.2991179300263654,0.2995817790968018,0.2993109105086084,2
2024,Kalimantan Tengah,0.2164034675099336,0.2613595091793016,0.2610191657754189,0.2612178575353459,1
2024,Kalimantan Timur,0.07237128573392636,0.30884339277943795,0.30961928645839665,0.3091660350282391,2
2024,Kalimantan Utara,0.1653861533590311,0.2781341689203727,0.27828338739199093,0.2781962903286053,2
2024,Kepulauan Bangka Belitung,0.2441422050029546,0.2520015496431331,0.2518978449987049,0.25195840035520745,1
2024,Kepulauan Riau,0.09941674089528339,0.30002343566185347,0.3003856105890249,0.3001742128538384,2
2024,Lampung,0.13491069683722037,0.2883517108860794,0.28837576309114954,0.2883618291855507,2
2024,Maluku,0.3811165149283756,0.20635902618567845,0.20622234423547742,0.20630211465046852,0
2024,Maluku Utara,0.15068708264109038,0.28311105248974655,0.2830966985953808,0.2831051662737823,1
2024,Nusa Tenggara Barat,0.40428298479942015,0.19872315166726925,0.19840373415868323,0.19859012937462733,0
2024,Nusa Tenggara Timur,0.628977273515787,0.12376482494194987,0.12357298467251361,0.12368491686974958,0
2024,Papua,0.3641874040798912,0.21203590845228967,0.21182753481073138,0.21194915265708772,0
2024,Papua Barat,0.3225242596443272,0.22587410387858803,0.22577061463094789,0.2258310218461369,0
2024,Papua Barat Daya,0.513314920127317,0.1623188924312045,0.16212714823312935,0.16223903920834917,0
2024,Papua Pegunungan,0.3272078869822805,0.2243068108994836,0.2242162114129509,0.224269090705285,0
2024,Papua Selatan,0.3238135941278656,0.2254552981334584,0.2253285680766317,0.2254025396620443,0
2024,Papua Tengah,0.268761990930775,0.24377987729625641,0.24370811934681644,0.24375001242615213,0
2024,Riau,0.18957982212872607,0.2701440028174549,0.270135619722205,0.270140555331614,1
2024,Sulawesi Barat,0.10991884152185728,0.2967470030182351,0.2966339716378987,0.29670018382200897,1
2024,Sulawesi Selatan,0.05142997295844267,0.3160630461175296,0.31633166539854796,0.3161753155254797,2
2024,Sulawesi Tengah,0.4306638509779157,0.18987185298526596,0.18967458595684775,0.18978971007997067,0
2024,Sulawesi Tenggara,0.13205175190681012,0.28923217100328985,0.28940988379841276,0.28930619329148727,2
2024,Sulawesi Utara,0.24665424833505734,0.2512321808515092,0.25098448253814903,0.2511290882752844,1
2024,Sumatera Barat,0.08867135843651101,0.3036185906739476,0.30395242683888485,0.30375762405065654,2
2024,Sumatera Selatan,0.167763197978779,0.2776081755192175,0.27719316662465543,0.277435459877348,1
2024,Sumatera Utara,0.14422342465688406,0.28526370813667307,0.2852533670844217,0.28525950012202117,1
2025,Aceh,0.41261613960813126,0.19595613320912084,0.19561406804173262,0.1958136591410152,0
2025,Bali,0.2412211371170072,0.25296248972362667,0.25288579134861117,0.25293058181075484,1
2025,Banten,0.2787285686263358,0.2404537106737765,0.24039037018801065,0.240427350511877,0
2025,Bengkulu,0.24621380693917314,0.25129041422066106,0.25123034952668366,0.25126542931348206,1
2025,DKI Jakarta,0.21413273918666687,0.2619355915601229,0.2619782917794717,0.2619533774737386,2
2025,Daerah Istimewa Yogyakarta,0.15335307074310064,0.28214098480618094,0.2822991118656527,0.2822068325850657,2
2025,Gorontalo,0.2434283504118707,0.25227355644048943,0.2520977141207787,0.25220037902686115,1
2025,Jambi,0.15127712809142424,0.2830445040389778,0.2827544793267969,0.28292388854280104,1
2025,Jawa Barat,0.13585783496328047,0.28799283686078564,0.2881083256566685,0.2880410025192654,2
2025,Jawa Tengah,0.1393636173741759,0.28674999347438,0.2870228432875308,0.28686354586391327,2
2025,Jawa Timur,0.0724998007347,0.30878159591816434,0.3095976942455623,0.30912090910157336,2
2025,Kalimantan Barat,0.16003173935497586,0.2799815707206068,0.279998144736109,0.2799885451883083,2
2025,Kalimantan Selatan,0.06986410327412147,0.30968705078469544,0.3104461151497937,0.31000273079138946,2
2025,Kalimantan Tengah,0.07464029864097303,0.3084658396719045,0.3084388554754429,0.3084550062116795,1
2025,Kalimantan Timur,0.06721163311227213,0.3105246627596143,0.31138241589795385,0.31088128823015976,2
2025,Kalimantan Utara,0.143191628168235,0.2854865062705391,0.2857328427163275,0.2855890228448984,2
2025,Kepulauan Bangka Belitung,0.1302572018545037,0.28978193054325485,0.2900622679834687,0.28989859961877285,2
2025,Kepulauan Riau,0.1373002478373713,0.2875371494814037,0.28759944112116587,0.2875631615600592,2
2025,Lampung,0.218445115218288,0.26050799281154186,0.26052980509985324,0.2605170868703168,2
2025,Maluku,0.5840914409181908,0.1387272099058451,0.13853442973040384,0.13864691944556032,0
2025,Maluku Utara,0.15068708264109038,0.28311105248974655,0.2830966985953808,0.2831051662737823,1
2025,Nusa Tenggara Barat,0.28024790888191636,0.24001423695649432,0.23980902412033342,0.23992883004125587,0
2025,Nusa Tenggara Timur,0.6532235791062221,0.11571463542457258,0.11545523004531004,0.1156065554238953,0
2025,Papua,0.4905758519892628,0.16991306102430492,0.16969065075789352,0.16982043622853882,0
2025,Papua Barat,0.32089948912860916,0.22641481219996634,0.22631319096378855,0.22637250770763592,0
2025,Papua Barat Daya,0.17256664202774497,0.27576399468872476,0.2758637961467805,0.2758055671367497,2
2025,Papua Pegunungan,0.3272078869822805,0.2243068108994836,0.2242162114129509,0.224269090705285,0
2025,Papua Selatan,0.34569578898640074,0.2181869558792081,0.21800574416349966,0.21811151097089151,0
2025,Papua Tengah,0.268761990930775,0.24377987729625641,0.24370811934681644,0.24375001242615213,0
2025,Riau,0.1449134491985434,0.28497029654961575,0.28509428879067394,0.2850219654611669,2
2025,Sulawesi Barat,0.16880286859083432,0.27704374517593805,0.27709023209182015,0.2770631541414075,2
2025,Sulawesi Selatan,0.05346188585508305,0.31572741917501373,0.31527220280152635,0.31553849216837676,1
2025,Sulawesi Tengah,0.3172214353402083,0.22764981122330682,0.22752916646671176,0.22759958696977314,0
2025,Sulawesi Tenggara,0.14179573032783038,0.2860029471196666,0.2861409002121799,0.2860604223403231,2
2025,Sulawesi Utara,0.14250125053242677,0.28583972635370974,0.28582522684820305,0.2858337962656604,1
2025,Sumatera Barat,0.09865974741161827,0.3002554785878928,0.300660667949179,0.30042410605131,2
2025,Sumatera Selatan,0.1665347653869328,0.27775897707150377,0.27789193007287827,0.27781432746868523,2
2025,Sumatera Utara,0.11309486409478037,0.2955796087850415,0.29569695130346285,0.2956285758167153,2
