Tahun,Provinsi,u_cluster_0,u_cluster_1,u_cluster_2,u_cluster_3,label
2019,Aceh,0.19113915539564488,0.43270792259083357,0.18510022305375823,0.19105269895976332,1
2019,Bali,0.2517598022616545,0.24871904286814264,0.24781524975419758,0.25170590511600527,0
2019,Banten,0.2543914969452067,0.23733835273317347,0.2538846491473155,0.25438550117430436,0
2019,Bengkulu,0.26109893452745525,0.2192012028681537,0.2586333556664587,0.2610665069379323,0
2019,DKI Jakarta,0.25667698883603385,0.2296633564362271,0.25697781073364545,0.2566818439940936,2
2019,Daerah Istimewa Yogyakarta,0.2811959416856498,0.1475915039739459,0.28989598786289134,0.2813165664775129,2
2019,Gorontalo,0.2878066915813932,0.1378601710164426,0.2865366272723188,0.28779651012984536,0
2019,Jambi,0.22984722927882834,0.318548226508632,0.22186961010905326,0.22973493410348633,1
2019,Jawa Barat,0.26826585716981505,0.19362992926821276,0.2698143639299852,0.26828984963198704,2
2019,Jawa Tengah,0.29465681675607563,0.09459545559278172,0.3158084745156988,0.29493925313544384,2
2019,Jawa Timur,0.29465122755382234,0.09302624734463032,0.3173707088267757,0.29495181627477157,2
2019,Kalimantan Barat,0.28977043553100645,0.13301567417421067,0.28746519961522554,0.28974869067955733,0
2019,Kalimantan Selatan,0.29350222146626553,0.09861301815352289,0.314108741682537,0.29377601869767456,2
2019,Kalimantan Tengah,0.30075269059363113,0.07647318278038463,0.32173447325903837,0.30103965336694594,2
2019,Kalimantan Timur,0.2968137935772071,0.0899579760922833,0.3161517383016735,0.2970764920288362,2
2019,Kalimantan Utara,0.28309418958530136,0.1424423034909317,0.29125553339097526,0.28320797353279165,2
2019,Kepulauan Bangka Belitung,0.21351801922789937,0.36498845405828684,0.2080530865811904,0.2134404401326234,1
2019,Kepulauan Riau,0.2896632179627505,0.14438960202978554,0.27646148330823894,0.289485696699225,0
2019,Lampung,0.26697981943010834,0.1988062640809697,0.2672282085514227,0.2669857079374993,2
2019,Maluku,0.27588378027095567,0.1869051014827284,0.26152775247278265,0.27568336577353325,0
2019,Maluku Utara,0.26500545084404614,0.20740856979903824,0.26261115830992093,0.2649748210469947,0
2019,Nusa Tenggara Barat,0.26973496596108604,0.18944029016751499,0.2710687481876223,0.2697559956837767,2
2019,Nusa Tenggara Timur,0.11268565345303078,0.6700182794852381,0.10472791089537652,0.11256815616635463,1
2019,Papua,0.2350522795190526,0.29856302687925956,0.23138369893170835,0.2350009946699795,1
2019,Papua Barat,0.24370691994344595,0.2709174966204215,0.24169658245379358,0.2436790009823389,1
2019,Riau,0.24230077859034657,0.27833503333647414,0.23713474682366492,0.24222944124951432,1
2019,Sulawesi Barat,0.2770086645834784,0.16250819974564482,0.2833853214068233,0.2770978142640535,2
2019,Sulawesi Selatan,0.30894730780894103,0.0637357089895333,0.31821760998253684,0.3090993732189888,2
2019,Sulawesi Tengah,0.2197028618107068,0.3497049282466614,0.21101304808801363,0.21957916185461807,1
2019,Sulawesi Tenggara,0.273853978629582,0.18105117984878358,0.2712727612607177,0.2738220802609167,0
2019,Sulawesi Utara,0.28143643436510046,0.15279809002685216,0.28428489991297234,0.28148057569507495,2
2019,Sumatera Barat,0.29862765486572207,0.08376161347714446,0.31871024340865034,0.29890048824848314,2
2019,Sumatera Selatan,0.2759189956580581,0.1676854524217875,0.280412077729011,0.27598347419114344,2
2019,Sumatera Utara,0.2653174801844481,0.21108960329476129,0.25836958820230255,0.26522332831848805,0
2020,Aceh,0.21102225732195248,0.37160876800725473,0.2064123928207608,0.21095658185003194,1
2020,Bali,0.24285324450872217,0.274748046535632,0.23959076782141256,0.24280794113423323,1
2020,Banten,0.2578896975126507,0.22613120678541596,0.25808550743277,0.25789358826916337,2
2020,Bengkulu,0.29676069130126365,0.09134348425140376,0.3148882804893814,0.2970075439579512,2
2020,DKI Jakarta,0.2581461566059187,0.22482288217672444,0.2588738579451206,0.2581571032722362,2
2020,Daerah Istimewa Yogyakarta,0.284742928058609,0.13359858558005802,0.2967519001691878,0.28490658619214515,2
2020,Gorontalo,0.29614976325795905,0.09019525801999734,0.3172239517753466,0.29643102694669693,2
2020,Jambi,0.1963229207235698,0.4203234205618995,0.18716233075040586,0.19619132796412483,1
2020,Jawa Barat,0.2877505558569908,0.1294194761590015,0.2949744364919022,0.28785553149210563,2
2020,Jawa Tengah,0.30238150086658916,0.07954971243753382,0.3154941832688733,0.30257460342700376,2
2020,Jawa Timur,0.2932493583823647,0.09925715241659634,0.31396885176184974,0.2935246374391893,2
2020,Kalimantan Barat,0.2974416778665965,0.090212783158557,0.3146668585917485,0.29767868038309797,2
2020,Kalimantan Selatan,0.292990390651404,0.10083699819684365,0.31291707002680896,0.29325554112494334,2
2020,Kalimantan Tengah,0.30350099314064954,0.07459385166658214,0.3181922625607909,0.30371289263197737,2
2020,Kalimantan Timur,0.2951239955274344,0.09234792440443258,0.31711178763996356,0.2954162924281695,2
2020,Kalimantan Utara,0.2837365410520109,0.14152040812817307,0.29090485421186624,0.28383819660794984,2
2020,Kepulauan Bangka Belitung,0.2748349007919419,0.17936677020002112,0.27101183820810965,0.27478649079992734,0
2020,Kepulauan Riau,0.2830666043380917,0.15249383410743847,0.28138902367794066,0.2830505378765291,0
2020,Lampung,0.27304499895568024,0.19437231120894677,0.25972325403590424,0.27285943579946875,0
2020,Maluku,0.1858067244733445,0.44888560935227273,0.17959003669574122,0.18571762947864157,1
2020,Maluku Utara,0.28213618581308975,0.15087286373317024,0.28481311045958574,0.2821778399941543,2
2020,Nusa Tenggara Barat,0.22148447722176032,0.34140167522315423,0.21571077953344994,0.22140306802163548,1
2020,Nusa Tenggara Timur,0.18351987710097745,0.4652623741995367,0.1679289765645743,0.18328877213491152,1
2020,Papua,0.19229862701300274,0.4300358118314609,0.18546480065865845,0.19220076049687795,1
2020,Papua Barat,0.24414859065437425,0.269893154760902,0.24184158230511568,0.24411667227960804,1
2020,Riau,0.2152517916327733,0.3588235268460382,0.21073694700303117,0.21518773451815734,1
2020,Sulawesi Barat,0.253946683356034,0.24040612038113618,0.25172992220133833,0.2539172740614915,0
2020,Sulawesi Selatan,0.3083736994247098,0.06995711790758245,0.3132044981370897,0.30846468453061804,2
2020,Sulawesi Tengah,0.28416634643025973,0.1395410301681273,0.2920156198118988,0.28427700358971425,2
2020,Sulawesi Tenggara,0.3004324115011506,0.08451605493779131,0.3144200586947033,0.3006314748663549,2
2020,Sulawesi Utara,0.25633006595139934,0.23047948920801822,0.2568525340388738,0.2563379108017086,2
2020,Sumatera Barat,0.3007695194386643,0.07300824739014934,0.3251261006336315,0.30109613253755485,2
2020,Sumatera Selatan,0.2970101170601375,0.08884786810103998,0.3168628164669826,0.2972791983718399,2
2020,Sumatera Utara,0.29700043796134595,0.0974436643228225,0.3083926722013714,0.29716322551446017,2
2021,Aceh,0.15836438711606965,0.5317957947826562,0.15157359823793803,0.15826621986333622,1
2021,Bali,0.24632018561293584,0.264904473306541,0.24250776318377568,0.2462675778967475,1
2021,Banten,0.26472003171051345,0.20523767060567477,0.2653117459080335,0.2647305517757783,2
2021,Bengkulu,0.2691102352769536,0.19185118925170974,0.26991506419624234,0.2691235112750944,2
2021,DKI Jakarta,0.26226354511123995,0.21155122460030085,0.2638978874147034,0.2622873428737558,2
2021,Daerah Istimewa Yogyakarta,0.27177711456678516,0.18058828328692247,0.27580033506725865,0.2718342670790337,2
2021,Gorontalo,0.23474245999629184,0.29822767101293146,0.23232154237929595,0.23470832661148078,1
2021,Jambi,0.26590004342982093,0.2022597304816126,0.26593716778362697,0.26590305830493954,2
2021,Jawa Barat,0.2829115506976072,0.1461804019450105,0.28792205281066896,0.2829859945467133,2
2021,Jawa Tengah,0.30110551730966073,0.08911782656476648,0.30855252988491927,0.30122412624065353,2
2021,Jawa Timur,0.29597781760231795,0.09148870705896449,0.31628232551599905,0.29625114982271855,2
2021,Kalimantan Barat,0.2915860803358658,0.11148926963073139,0.3051518372375104,0.29177281279589234,2
2021,Kalimantan Selatan,0.29519957910772876,0.09116512659786849,0.31813249026734025,0.2955028040270624,2
2021,Kalimantan Tengah,0.2630895160126591,0.2220188590802274,0.25195710335451255,0.26293452155260094,0
2021,Kalimantan Timur,0.29972736311097004,0.07022741055786204,0.32992318537724763,0.3001220409539203,2
2021,Kalimantan Utara,0.275768318085593,0.16675093490745188,0.2816306759092016,0.2758500710977536,2
2021,Kepulauan Bangka Belitung,0.243143543500348,0.27710473145010667,0.23669797073903917,0.24305375431050624,1
2021,Kepulauan Riau,0.23854997248529458,0.28916989259850984,0.23379613101193245,0.23848400390426305,1
2021,Lampung,0.28329687400648695,0.16689143913029292,0.2667446311967684,0.2830670556664517,0
2021,Maluku,0.16880571540864184,0.5001572622398328,0.16232481055989412,0.16871221179163123,1
2021,Maluku Utara,0.25247754539642064,0.24625659664366803,0.2488380242054582,0.25242783375445316,0
2021,Nusa Tenggara Barat,0.2419265927789232,0.28097153386266227,0.23526754848491338,0.2418343248735011,1
2021,Nusa Tenggara Timur,0.2364806742962797,0.30039224730925673,0.22678290483951985,0.2363441735549437,1
2021,Papua,0.23515928664219177,0.3110023746372923,0.21891495270606381,0.2349233860144521,1
2021,Papua Barat,0.21962584654664413,0.34525274493970715,0.21555326885909745,0.21956813965455121,1
2021,Riau,0.289711016742698,0.1180252153099914,0.3023787181587051,0.2898850497886056,2
2021,Sulawesi Barat,0.27651617708944837,0.16887130673576004,0.2780703571720212,0.2765421590027704,2
2021,Sulawesi Selatan,0.30386919332305085,0.08635172574001232,0.30586331915845866,0.3039157617784782,2
2021,Sulawesi Tengah,0.22125574822093289,0.3421713914986051,0.21539975159103258,0.22117310868942947,1
2021,Sulawesi Tenggara,0.2917184392282045,0.11507897394055534,0.3013471190194537,0.29185546781178656,2
2021,Sulawesi Utara,0.29354306249687134,0.1232261308977106,0.2897281171069429,0.29350268949847513,0
2021,Sumatera Barat,0.29694195849438254,0.08915426597130163,0.316695572332786,0.29720820320152974,2
2021,Sumatera Selatan,0.30114128952342994,0.06738017283745802,0.3299552913199792,0.3015232463191328,2
2021,Sumatera Utara,0.18420561675866706,0.45558407522779304,0.1761208886930914,0.18408941932044853,1
2022,Aceh,0.1470744755009155,0.5691400815187607,0.13686135336764083,0.14692408961268297,1
2022,Bali,0.25319720042767657,0.24300048230984933,0.25063980734278096,0.2531625099196932,0
2022,Banten,0.26647857045232853,0.2001470408371902,0.26688731192519377,0.26648707678528755,2
2022,Bengkulu,0.2798177188492868,0.15317459101193878,0.28708861535332947,0.279919074785445,2
2022,DKI Jakarta,0.2627044163891974,0.21483177064800457,0.2597976003641414,0.2626662125986567,0
2022,Daerah Istimewa Yogyakarta,0.285724102108311,0.1330743769968821,0.2953435463774418,0.2858579745173651,2
2022,Gorontalo,0.23592926321809835,0.3001719556324799,0.22808010572773255,0.23581867542168927,1
2022,Jambi,0.260226239785225,0.22654098593297972,0.25310425286229216,0.2601285214195031,0
2022,Jawa Barat,0.2771704885128386,0.16663824996681964,0.2789904251562929,0.2772008363640489,2
2022,Jawa Tengah,0.30137700663052885,0.08986400836409845,0.3072825478330698,0.3014764371723028,2
2022,Jawa Timur,0.29861420741808364,0.08146326800389349,0.321006231391665,0.2989162931863579,2
2022,Kalimantan Barat,0.2855888895158676,0.14184098524744077,0.28695539643087126,0.28561472880582045,2
2022,Kalimantan Selatan,0.29745342108722045,0.08435904465695752,0.3204277216821633,0.29775981257365874,2
2022,Kalimantan Tengah,0.2660181485302713,0.21245145431529305,0.25565564136865976,0.26587475578577585,0
2022,Kalimantan Timur,0.2960435284426421,0.08763058858963073,0.31996639730736987,0.29635948566035736,2
2022,Kalimantan Utara,0.2757729884108746,0.16673529830246409,0.2816369494601553,0.27585476382650603,2
2022,Kepulauan Bangka Belitung,0.2804143527433769,0.16192331476244773,0.2772857771834127,0.28037655531076267,0
2022,Kepulauan Riau,0.25840971289350123,0.22629276024184264,0.2569071212917138,0.2583904055729424,0
2022,Lampung,0.2955768268367337,0.0935554007237655,0.3150291009124284,0.2958386715270723,2
2022,Maluku,0.2891666259126994,0.12575050579715585,0.2958200304008718,0.289262837889273,2
2022,Maluku Utara,0.22582106757886106,0.3263310327979004,0.2220796057426722,0.22576829388056635,1
2022,Nusa Tenggara Barat,0.23303432362813956,0.3094619776023648,0.2245878471111068,0.2329158516583888,1
2022,Nusa Tenggara Timur,0.19595764799253212,0.4222902742242745,0.18593903417683103,0.1958130436063623,1
2022,Papua,0.22168622644107347,0.33878773734248574,0.21789356860378717,0.22163246761265362,1
2022,Papua Barat,0.2209743596879454,0.34090581824856553,0.21719903514741798,0.2209207869160711,1
2022,Papua Barat Daya,0.16458397447962453,0.5130926756222266,0.15783673213536845,0.16448661776278042,1
2022,Papua Pegunungan,0.22536513604574981,0.32715482039236116,0.2221603817004836,0.2253196618614055,1
2022,Papua Selatan,0.25053693285008455,0.255068967264064,0.24394858803978264,0.2504455118460688,1
2022,Papua Tengah,0.2446100444276407,0.26876042911155834,0.24205495658302523,0.2445745698777758,1
2022,Riau,0.2607953567773092,0.22705452462820003,0.2514832934564158,0.26066682513807493,0
2022,Sulawesi Barat,0.27651617708944837,0.16887130673576004,0.2780703571720212,0.2765421590027704,2
2022,Sulawesi Selatan,0.3040002887364949,0.07257389039118241,0.3192058985156456,0.30421992235667705,2
2022,Sulawesi Tengah,0.19216156634325798,0.4322991071135037,0.18350216936539776,0.19203715717784062,1
2022,Sulawesi Tenggara,0.2971242550666634,0.09588196991814028,0.3096914230230077,0.2973023519921887,2
2022,Sulawesi Utara,0.2922105047185336,0.12772856208057376,0.28789952783771117,0.29216140536318147,0
2022,Sumatera Barat,0.2997978929599296,0.07399376701867248,0.3260624785472751,0.3001458614741228,2
2022,Sumatera Selatan,0.29866049880622225,0.07669754934462479,0.32562620331336106,0.2990157485357919,2
2022,Sumatera Utara,0.28118868821527465,0.16721804623488998,0.27054750529440974,0.2810457602554256,0
2023,Aceh,0.12529544309129936,0.6326601135214328,0.11687300946978395,0.12517143391748387,1
2023,Bali,0.25776544013175445,0.22877201684104526,0.25572422478793605,0.25773831823926424,0
2023,Banten,0.2676083316923111,0.1948320883201152,0.2699172983522061,0.2676422816353676,2
2023,Bengkulu,0.2890439458923403,0.11774348336683572,0.3039665785177428,0.2892459922230813,2
2023,DKI Jakarta,0.26226614677014615,0.21154297010146353,0.2639009322323648,0.2622899508960255,2
2023,Daerah Istimewa Yogyakarta,0.27749602967686804,0.1619498654726367,0.28298004736627924,0.27757405748421604,2
2023,Gorontalo,0.23534021721037998,0.2996008420915023,0.2297963130481263,0.23526262764999145,1
2023,Jambi,0.28167747756931394,0.1509943162247217,0.28559198605498737,0.281736220150977,2
2023,Jawa Barat,0.27492629308639055,0.17328086062473616,0.2768357514147356,0.2749570948741378,2
2023,Jawa Tengah,0.30299378942074207,0.0866381227533622,0.30729423608948775,0.30307385173640794,2
2023,Jawa Timur,0.2982176132874173,0.08034458343066478,0.3228915800068859,0.298546223275032,2
2023,Kalimantan Barat,0.28416202063990836,0.14339082912592377,0.28822423703113154,0.2842229132030364,2
2023,Kalimantan Selatan,0.2943355525497964,0.09508378362000852,0.3159580907037506,0.2946225731264446,2
2023,Kalimantan Tengah,0.30277953352716236,0.11085312510544772,0.2838454875828526,0.3025218537845372,0
2023,Kalimantan Timur,0.29470564864255266,0.09351637663462507,0.31677954304647465,0.2949984316763476,2
2023,Kalimantan Utara,0.27601362196278767,0.1667007196420233,0.2811987853898902,0.2760868730052988,2
2023,Kepulauan Bangka Belitung,0.30018591327332944,0.1189452287875173,0.28094540395308243,0.2999234539860709,0
2023,Kepulauan Riau,0.2988176615790384,0.10042713290035757,0.3018801972057737,0.2988750083148303,2
2023,Lampung,0.3030913768896399,0.07000893931736588,0.3235249592037736,0.3033747245892206,2
2023,Maluku,0.245096355794106,0.27051033182639217,0.23937620973361076,0.24501710264589113,1
2023,Maluku Utara,0.28329334728897804,0.15077603587229838,0.2826400678069496,0.283290549031774,0
2023,Nusa Tenggara Barat,0.26067070020688915,0.22096160389908362,0.257734737478236,0.26063295841579115,0
2023,Nusa Tenggara Timur,0.08226069121845933,0.7588357408731531,0.0767245383745752,0.08217902953381226,1
2023,Papua,0.18913181199475435,0.43876049747055634,0.1830628310151934,0.1890448595194959,1
2023,Papua Barat,0.20282341297895173,0.3965872466494258,0.19783707311632867,0.20275226725529377,1
2023,Papua Barat Daya,0.19357062724511112,0.42512264442873743,0.18781847446410033,0.1934882538620512,1
2023,Papua Pegunungan,0.22536513604574981,0.32715482039236116,0.2221603817004836,0.2253196618614055,1
2023,Papua Selatan,0.21292966256938298,0.36607080078885024,0.2081380413922702,0.2128614952494965,1
2023,Papua Tengah,0.2446100444276407,0.26876042911155834,0.24205495658302523,0.2445745698777758,1
2023,Riau,0.21593334849733223,0.36198632817550125,0.20628511336397112,0.21579520996319548,1
2023,Sulawesi Barat,0.27651617708944837,0.16887130673575998,0.2780703571720212,0.2765421590027704,2
2023,Sulawesi Selatan,0.31211671631146365,0.0554774490552862,0.3201467575661082,0.3122590770671419,2
2023,Sulawesi Tengah,0.22757914005310648,0.3232564352381962,0.22166828462436478,0.2274961400843326,1
2023,Sulawesi Tenggara,0.30052888431286334,0.08750787246937776,0.31127707500658186,0.30068616821117705,2
2023,Sulawesi Utara,0.2775169187627778,0.17421356358486564,0.2708402184883007,0.2774292991640558,0
2023,Sumatera Barat,0.3007511803982434,0.069057420447004,0.3290659039803648,0.3011254951743879,2
2023,Sumatera Selatan,0.2940617897995961,0.10195194001626501,0.3097102280181268,0.294276042166012,2
2023,Sumatera Utara,0.2052824125610227,0.3935373151569255,0.1960305821331676,0.20514969014888412,1
2024,Aceh,0.13595891506003302,0.600387212874316,0.12781410320712722,0.13583976885852378,1
2024,Bali,0.25745205255484394,0.23000314893861296,0.25512372980681397,0.25742106869972914,0
2024,Banten,0.2699463116413282,0.1871999147616798,0.27286498143767,0.2699887921593219,2
2024,Bengkulu,0.28651380384241126,0.12654013353576896,0.30024677625243745,0.28669928636938236,2
2024,DKI Jakarta,0.2621609413401655,0.21187672522327994,0.2637778447675185,0.26218448866903604,2
2024,Daerah Istimewa Yogyakarta,0.27830260824572195,0.15982046121261387,0.2834995069892882,0.278377423552376,2
2024,Gorontalo,0.21775475436808622,0.3525606387745217,0.21201135617350003,0.21767325068389207,1
2024,Jambi,0.30078312486206304,0.0830659092400948,0.31516178864098404,0.3009891772568581,2
2024,Jawa Barat,0.2864160675284975,0.13615298162329104,0.290945148478824,0.2864858023693875,2
2024,Jawa Tengah,0.30103226049374243,0.0897459521446062,0.3080762820174343,0.3011455053442171,2
2024,Jawa Timur,0.30254504002110877,0.06282652240801713,0.3316945071336138,0.3029339304372603,2
2024,Kalimantan Barat,0.28151314455826393,0.15069765575161026,0.28620774128873894,0.2815814584013869,2
2024,Kalimantan Selatan,0.2937112651518599,0.10201199540141241,0.31033948899175734,0.2939372504549703,2
2024,Kalimantan Tengah,0.2652742012882854,0.21644730955535454,0.25317261508147904,0.265105874074881,0
2024,Kalimantan Timur,0.29973357036585097,0.07234159457052926,0.3278210151964418,0.30010381986717793,2
2024,Kalimantan Utara,0.27640306746880905,0.1654331249014518,0.281686078715451,0.2764777289142882,2
2024,Kepulauan Bangka Belitung,0.25319467373171295,0.24417746467581833,0.2494838882663855,0.25314397332608324,0
2024,Kepulauan Riau,0.29584074916993947,0.09948092212741658,0.3086564993098413,0.29602182939280264,2
2024,Lampung,0.2880993733967744,0.1350042591982613,0.288779823911138,0.28811654349382637,2
2024,Maluku,0.20795939101414931,0.3810168060321433,0.20313327870434186,0.20789052424936552,1
2024,Maluku Utara,0.28329334728897804,0.15077603587229843,0.2826400678069496,0.283290549031774,0
2024,Nusa Tenggara Barat,0.2024001969751227,0.40419605101013206,0.19116555834613175,0.20223819366861348,1
2024,Nusa Tenggara Timur,0.12605245741980042,0.6286693649801132,0.11932388278158672,0.1259542948184996,1
2024,Papua,0.21444625140440707,0.36413226473697813,0.20707986715076768,0.21434161670784707,1
2024,Papua Barat,0.22707863483864457,0.32248394729058666,0.22341049507512303,0.22702692279564568,1
2024,Papua Barat Daya,0.16458397447962453,0.5130926756222266,0.15783673213536845,0.16448661776278042,1
2024,Papua Pegunungan,0.22536513604574981,0.32715482039236116,0.2221603817004836,0.2253196618614055,1
2024,Papua Selatan,0.22692639278972995,0.3237733972066234,0.22243720556139163,0.22686300444225507,1
2024,Papua Tengah,0.2446100444276407,0.26876042911155834,0.24205495658302523,0.2445745698777758,1
2024,Riau,0.2702424871164231,0.18964052697816125,0.269876612022873,0.2702403738825427,0
2024,Sulawesi Barat,0.2981289110623098,0.11003994952694482,0.29374711162700506,0.29808402778374027,0
2024,Sulawesi Selatan,0.31317716788220495,0.0515502330189142,0.3219399882663521,0.3133326108325287,2
2024,Sulawesi Tengah,0.1921764111494811,0.4305270019062422,0.18521980356716636,0.19207678337711034,1
2024,Sulawesi Tenggara,0.2871857482251006,0.13212457392393756,0.2934131642882699,0.2872765135626919,2
2024,Sulawesi Utara,0.25407763768892067,0.24670003621311806,0.24526723892990063,0.2539550871680607,0
2024,Sumatera Barat,0.29978699493860034,0.08874631788842037,0.3115101757759696,0.2999565113970097,2
2024,Sumatera Selatan,0.28238305434098554,0.1678249896501274,0.2676134700730825,0.2821784859358046,0
2024,Sumatera Utara,0.2854047280198618,0.14430891870145832,0.2848820296887703,0.2854043235899096,0
2025,Aceh,0.19989282210624262,0.4124954725657175,0.18789336823080846,0.19971833709723136,1
2025,Bali,0.25384771025834385,0.24124604102358801,0.2510958082727393,0.25381044044532886,0
2025,Banten,0.24119016612434718,0.27871892412857857,0.23893199308516574,0.24115891666190845,1
2025,Bengkulu,0.25198400119701797,0.246237708914636,0.24982333365198484,0.2519549562363612,0
2025,DKI Jakarta,0.261440616191628,0.21415978496700255,0.26293716513309356,0.2614624337082758,2
2025,Daerah Istimewa Yogyakarta,0.2803146215672367,0.15340693692960505,0.2858838511087276,0.28039459039443065,2
2025,Gorontalo,0.25429823701523857,0.24346111450665325,0.24802900599884342,0.25421164247926475,0
2025,Jambi,0.28641029516072514,0.15136731844064485,0.2759508874751698,0.28627149892346004,0
2025,Jawa Barat,0.2866845823271987,0.13593860628756016,0.29063026781470974,0.28674654357053136,2
2025,Jawa Tengah,0.2835812533434113,0.13939779936337332,0.29330502412988946,0.28371592316332594,2
2025,Jawa Timur,0.29917703934760354,0.07245574491043376,0.3288029824074098,0.29956423333455284,2
2025,Kalimantan Barat,0.2798023742656764,0.1601167635379261,0.2802665731615801,0.27981428903481737,2
2025,Kalimantan Selatan,0.30079131165709966,0.06985188612954576,0.32820163468420427,0.3011551675291503,2
2025,Kalimantan Tengah,0.3089413240300133,0.07477500178899524,0.3073362691572792,0.3089474050237123,3
2025,Kalimantan Timur,0.3004262436120818,0.06716759405237745,0.33157331344223745,0.3008328488933033,2
2025,Kalimantan Utara,0.28262341425577375,0.14322572071531062,0.29140593675621257,0.2827449282727031,2
2025,Kepulauan Bangka Belitung,0.2865242677461555,0.13029876210151828,0.29651430298836196,0.28666266716396427,2
2025,Kepulauan Riau,0.2868311103123163,0.13739768327172433,0.2889050829788815,0.2868661234370779,2
2025,Lampung,0.260254988206196,0.21847297764946974,0.26100548105846816,0.2602665530858661,2
2025,Maluku,0.14102079350931415,0.583811218209038,0.13424537813888157,0.1409226101427662,1
2025,Maluku Utara,0.28329334728897804,0.15077603587229843,0.2826400678069496,0.283290549031774,0
2025,Nusa Tenggara Barat,0.24237874186985747,0.2802710638189423,0.23507285795632718,0.24227733635487306,1
2025,Nusa Tenggara Timur,0.1187243462328039,0.6530089155088511,0.10967647917551981,0.1185902590828253,1
2025,Papua,0.1725191696983742,0.4903797528245202,0.1646948393884046,0.17240623808870112,1
2025,Papua Barat,0.22759746323364785,0.3208601404113883,0.2239957165269537,0.2275466798280102,1
2025,Papua Barat Daya,0.27461106544274805,0.17262194503110975,0.27810483057384217,0.2746621589523,2
2025,Papua Pegunungan,0.22536513604574981,0.32715482039236116,0.2221603817004836,0.2253196618614055,1
2025,Papua Selatan,0.22028671717827464,0.3456404462931965,0.2138770131723271,0.22019582335620175,1
2025,Papua Tengah,0.2446100444276407,0.26876042911155834,0.24205495658302523,0.2445745698777758,1
2025,Riau,0.28354716457430434,0.1449860926001017,0.2878551405581612,0.28361160226743276,2
2025,Sulawesi Barat,0.27651617708944837,0.16887130673575998,0.2780703571720212,0.2765421590027704,2
2025,Sulawesi Selatan,0.3212016558690948,0.053581372752497386,0.3042132830422652,0.32100368833614257,0
2025,Sulawesi Tengah,0.22904964654452825,0.3171862565400667,0.22477474993757662,0.2289893469778284,1
2025,Sulawesi Tenggara,0.28441597085731896,0.14186944649434896,0.2892274712862249,0.28448711136210725,2
2025,Sulawesi Utara,0.28602731014186766,0.14260705308292385,0.28534039683296214,0.28602523994224627,0
2025,Sumatera Barat,0.2955526214892788,0.0987060163884978,0.30998886521015284,0.29575249691207056,2
2025,Sumatera Selatan,0.2762142317846092,0.16658416212515503,0.28092082515148503,0.27628078093875075,2
2025,Sumatera Utara,0.29425935864674807,0.11319640511052716,0.2982205614893102,0.2943236747534146,2
