Tahun,Provinsi,u_cluster_0,u_cluster_1,u_cluster_2,u_cluster_3,label
2019,Aceh,0.4326611365266678,0.18453433959634952,0.19140030309300549,0.19140422078397715,0
2019,Bali,0.24872626488985028,0.2474269161278487,0.251922194327203,0.25192462465509796,3
2019,Banten,0.2373439798793312,0.2538307411927372,0.25441250643641367,0.2544127724915179,3
2019,Bengkulu,0.21921407237365367,0.25838470404679814,0.26119988369018016,0.26120133988936806,3
2019,DKI Jakarta,0.22966885718618163,0.2570035523701148,0.25666390646278425,0.2566636839809193,1
2019,Daerah Istimewa Yogyakarta,0.14760193093911714,0.29073985151944043,0.2808318327742105,0.2808263847672319,1
2019,Gorontalo,0.13789323958109795,0.28638292014011707,0.28786170742239037,0.28786213285639456,3
2019,Jambi,0.3185402728293447,0.22110013567186565,0.23017725618512733,0.23018233531366236,0
2019,Jawa Barat,0.19364382356902943,0.2699540143350017,0.26820162865843244,0.2682005334375364,1
2019,Jawa Tengah,0.09459181679519242,0.31789876293019187,0.2937610637863515,0.2937483564882643,1
2019,Jawa Timur,0.09301794092400975,0.31962570959749387,0.29368493055272726,0.2936714189257692,1
2019,Kalimantan Barat,0.13305099102221474,0.28720288138876576,0.2898725964069444,0.2898735311820751,3
2019,Kalimantan Selatan,0.09860811456905924,0.3161499484915631,0.29262712487026676,0.2926148120691109,1
2019,Kalimantan Tengah,0.0764816773617601,0.3237825755928819,0.29987434374962413,0.29986140329573385,1
2019,Kalimantan Timur,0.08996280326140509,0.3180468665934446,0.2960010847389489,0.2959892454062014,1
2019,Kalimantan Utara,0.14245490397774024,0.2920445345706688,0.2827528516815958,0.28274770976999514,1
2019,Kepulauan Bangka Belitung,0.3649642213286163,0.2075334634519825,0.21374940146409913,0.21375291375530212,0
2019,Kepulauan Riau,0.1444140947277278,0.27515849258552966,0.29020971255499617,0.2902177001317464,3
2019,Lampung,0.1988204906374711,0.2672414747755397,0.26696915596169807,0.2669688786252912,1
2019,Maluku,0.18692012466973126,0.26013208531499704,0.2764693678597089,0.27647842215556284,3
2019,Maluku Utara,0.2074279908168258,0.2623650527825048,0.2651027925074973,0.26510416389317204,3
2019,Nusa Tenggara Barat,0.18945589326560633,0.27118691278527896,0.2696790777328589,0.2696781162162558,1
2019,Nusa Tenggara Timur,0.6699411599043604,0.1039960711221628,0.11302871412671889,0.11303405484675796,0
2019,Papua,0.29855582796888114,0.2310298545660173,0.23520599961199137,0.2352083178531102,0
2019,Papua Barat,0.2709150143115161,0.24150175347507305,0.24379098553832923,0.24379224667508165,0
2019,Riau,0.2783362729398756,0.2366307565940936,0.2425148750608259,0.24251809540520483,0
2019,Sulawesi Barat,0.16251992959959954,0.2840005779100127,0.27674176117802773,0.27673773131236007,1
2019,Sulawesi Selatan,0.06377059518361863,0.31904298106777723,0.3085966979142706,0.3085897258343336,1
2019,Sulawesi Tengah,0.34968789135309347,0.21018106938572118,0.2200627189347825,0.2200683203264029,0
2019,Sulawesi Tenggara,0.181074384072438,0.27100415115409304,0.27396002127113095,0.27396144350233803,3
2019,Sulawesi Utara,0.15282460588517993,0.28454085404923835,0.2813182773081036,0.2813162627574781,1
2019,Sumatera Barat,0.08376727476576305,0.3206777447619997,0.29778363821536824,0.297771342256869,1
2019,Sumatera Selatan,0.1676998563218895,0.2808391966550417,0.2757319346019322,0.2757290124211367,1
2019,Sumatera Utara,0.21110685280859015,0.2576826494510739,0.26560312822708826,0.26560736951324765,3
2020,Aceh,0.3715801118546799,0.20597728170631532,0.21121981594560824,0.21122279049339657,0
2020,Bali,0.2747472650781374,0.2392735506086718,0.24298856897569712,0.24299061533749375,0
2020,Banten,0.22613830566913834,0.258099195728515,0.25788133988038403,0.2578811587219627,1
2020,Bengkulu,0.09135004294742023,0.3166627898729863,0.29599914769873364,0.2959880194808598,1
2020,DKI Jakarta,0.22482944006557176,0.2589403286666408,0.2581153648092771,0.2581148664585103,1
2020,Daerah Istimewa Yogyakarta,0.1336040752468665,0.2979274898675696,0.2842379068911485,0.2842305279944154,1
2020,Gorontalo,0.090193721940959,0.3193063217137645,0.2952563051670768,0.2952436511781998,1
2020,Jambi,0.42028534946930185,0.186294745941345,0.19670697008135096,0.1967129345080022,0
2020,Jawa Barat,0.1294393314112015,0.29565825899555176,0.2874535862019934,0.2874488233912533,1
2020,Jawa Tengah,0.07957474977379893,0.31672919621180196,0.3018524118365707,0.30184364217782844,1
2020,Jawa Timur,0.09925143247811105,0.31602161275869917,0.29236966706711437,0.2923572876960754,1
2020,Kalimantan Barat,0.09022481622316467,0.31634316063959733,0.29672135869357275,0.2967106644436653,1
2020,Kalimantan Selatan,0.10083363220499432,0.31488919131863635,0.29214455102291015,0.2921326254534592,1
2020,Kalimantan Tengah,0.07461726026866129,0.3195896310902444,0.3029013566475944,0.3028917519934999,1
2020,Kalimantan Timur,0.09234268377423084,0.3192889443846141,0.2941907584454121,0.294177613395743,1
2020,Kalimantan Utara,0.1415357414765737,0.29159184684278494,0.28343850661648057,0.2834339050641609,1
2020,Kepulauan Bangka Belitung,0.17939046500077094,0.270620517993448,0.2749934262555585,0.2749955907502225,3
2020,Kepulauan Riau,0.15252235908674494,0.28119793762261813,0.28313950556680084,0.2831401977238361,3
2020,Lampung,0.19438604666992182,0.2584269064586172,0.2735893325691513,0.27359771430230967,3
2020,Maluku,0.4488368554876986,0.1790078801195139,0.18607561332907874,0.18607965106370875,0
2020,Maluku Utara,0.15089619526048567,0.28505412729369595,0.28202578975621817,0.28202388768960024,1
2020,Nusa Tenggara Barat,0.3413874492526001,0.21515674801566528,0.2217260598342848,0.22172974289744976,0
2020,Nusa Tenggara Timur,0.46520369588883326,0.16646927967954328,0.18415825912553982,0.1841687653060836,0
2020,Papua,0.4299923848538642,0.18482147377107758,0.19259085331471218,0.1925952880603459,0
2020,Papua Barat,0.26989203670359374,0.24161710974857287,0.24424470615143443,0.24424614739639894,0
2020,Riau,0.35879946863497947,0.21030881495149262,0.21544440818288166,0.21544730823064628,0
2020,Sulawesi Barat,0.24041479423884604,0.2515077752902915,0.2540380541830383,0.2540393762878242,3
2020,Sulawesi Selatan,0.06999515635194223,0.31359778106066466,0.30820564014780044,0.3082014224395927,1
2020,Sulawesi Tengah,0.13955771218739849,0.2927692863736286,0.2838390036379667,0.2838339978010062,1
2020,Sulawesi Tenggara,0.08453653499622864,0.31575959103903317,0.29985644307177034,0.29984743089296784,1
2020,Sulawesi Utara,0.23048498549911003,0.25690002000240647,0.2563076757831657,0.25630731871531776,1
2020,Sumatera Barat,0.07300911925006438,0.32752553562622055,0.29974002244017667,0.2997253226835384,1
2020,Sumatera Selatan,0.08885125005608781,0.31881074740824944,0.29617506344596206,0.2961629390897006,1
2020,Sumatera Utara,0.0974636496551559,0.30948150877214275,0.2965311074507765,0.2965237341219249,1
2021,Aceh,0.5317209999497452,0.15094676193483136,0.15866389261593442,0.1586683454994889,0
2021,Bali,0.264907219103847,0.242135083743977,0.24647766123008868,0.2464800359220873,0
2021,Banten,0.20525030868020702,0.2653591842429117,0.26469549643969387,0.2646950106371873,1
2021,Bengkulu,0.19186661424405593,0.26998297559625434,0.26907550983255735,0.2690749003271324,1
2021,DKI Jakarta,0.21156021872214126,0.26405104548106384,0.2621949078906455,0.2621938279061494,1
2021,Daerah Istimewa Yogyakarta,0.1806013397361562,0.2761841392800985,0.2716085542310323,0.27160596675271304,1
2021,Gorontalo,0.29821874720620273,0.2320900981975039,0.2348448051282451,0.23484634946804833,0
2021,Jambi,0.20227351845963207,0.2659298548481207,0.2658983872525073,0.2658982394397399,1
2021,Jawa Barat,0.14620083986677418,0.288389820213068,0.282706362285222,0.2827029776349358,1
2021,Jawa Tengah,0.08914865870908929,0.309225219518979,0.30081577356221995,0.3008103482097117,1
2021,Jawa Timur,0.09148915621998079,0.3182811688438948,0.295120991311751,0.2951086836243734,1
2021,Kalimantan Barat,0.11149955573452235,0.3064727686002886,0.2910180514524701,0.2910096242127189,1
2021,Kalimantan Selatan,0.09115722427388417,0.32040899473327245,0.29422370512266977,0.2942100758701736,1
2021,Kalimantan Tengah,0.22203120068698887,0.25087262284354234,0.26354458758677457,0.26355158888269425,3
2021,Kalimantan Timur,0.07021385649047648,0.33293263501803294,0.29843561284191666,0.29841789564957394,1
2021,Kalimantan Utara,0.1667617419718069,0.28219687592568027,0.2755225383512734,0.2755188437512395,1
2021,Kepulauan Bangka Belitung,0.2771105598039647,0.23606982633716836,0.24340777851211726,0.24341183534674973,0
2021,Kepulauan Riau,0.28916785741147716,0.23333405412471242,0.23874755440690493,0.23875053405690552,0
2021,Lampung,0.1669085828311599,0.2651335924516388,0.28397372445825275,0.28398410025894855,3
2021,Maluku,0.5000892569302574,0.16172504665841508,0.16909072797205277,0.16909496843927466,0
2021,Maluku Utara,0.2462655092405319,0.24847887644959488,0.25262668637823166,0.2526289279316415,3
2021,Nusa Tenggara Barat,0.28097786840297223,0.23461723812387125,0.24220036345390833,0.24220453001924827,0
2021,Nusa Tenggara Timur,0.3003884853510658,0.22584591187256844,0.2368797145942393,0.23688588818212644,0
2021,Papua,0.3109815295058268,0.2173696424627851,0.2358190632464434,0.23582976478494475,0
2021,Papua Barat,0.3452334643092255,0.21516607011871255,0.2197989266779101,0.21980153889415172,0
2021,Riau,0.11803680954479757,0.3036123313005774,0.28917935583293275,0.2891715033216923,1
2021,Sulawesi Barat,0.16889282991284588,0.2782029435766684,0.2764527101318175,0.27645151637866827,1
2021,Sulawesi Selatan,0.08638973279366365,0.3059953532087556,0.303808551922306,0.30380636207527484,1
2021,Sulawesi Tengah,0.3421558915614979,0.21483831019751815,0.22150102958163592,0.2215047686593481,0
2021,Sulawesi Tenggara,0.1150976907710438,0.3022686051509994,0.2913199542135274,0.29131374986442937,1
2021,Sulawesi Utara,0.12326415838837282,0.2893126908972574,0.293710692972232,0.29371245774213767,3
2021,Sumatera Barat,0.08915779486002456,0.3186379354731895,0.296108129742613,0.29609613992417283,1
2021,Sumatera Selatan,0.0673749841420135,0.33280704431204694,0.2999175704627709,0.2999004010831687,1
2021,Sumatera Utara,0.4555370022436653,0.17535954598100018,0.1845490923018069,0.18455435947352763,0
2022,Aceh,0.5690743840049901,0.13591070478352069,0.147504039031207,0.14751087218028222,0
2022,Bali,0.24300719866272621,0.25038670314189104,0.2533022675591117,0.25330383063627104,3
2022,Banten,0.20016157501788037,0.2669149387863328,0.26646194172431775,0.2664615444714691,1
2022,Bengkulu,0.15318729036838052,0.28779110242376144,0.2795130937350156,0.2795085134728425,1
2022,DKI Jakarta,0.21484642825409495,0.2595045688493978,0.26282364372088035,0.2628253591756268,3
2022,Daerah Istimewa Yogyakarta,0.13308743987490967,0.29627450877535033,0.2853220498735597,0.2853160014761803,1
2022,Gorontalo,0.3001678449753215,0.2273221043477127,0.23625252417979511,0.23625752649717072,0
2022,Jambi,0.22655489412663118,0.25240436239000447,0.2605181678624573,0.260522575620907,3
2022,Jawa Barat,0.16666039338735017,0.27914672348544445,0.27709713850252304,0.27709574462468245,1
2022,Jawa Tengah,0.08989750385157143,0.30779872983695766,0.3011541678522112,0.30114959845925965,1
2022,Jawa Timur,0.0814640621809774,0.32320777065512885,0.2976708859192109,0.2976572812446828,1
2022,Kalimantan Barat,0.1418705681944518,0.28706038670369166,0.2855351217489232,0.28553392335293337,1
2022,Kalimantan Selatan,0.08435756979299111,0.322697253940021,0.2964794793892793,0.2964656968777086,1
2022,Kalimantan Tengah,0.21246757173686837,0.25464241468579724,0.26644177024145327,0.26644824333588113,3
2022,Kalimantan Timur,0.08762247710974426,0.322341749212913,0.2950249866274986,0.2950107870498442,1
2022,Kalimantan Utara,0.16674610667084214,0.28220330459571785,0.27552714217300006,0.27552344656044,1
2022,Kepulauan Bangka Belitung,0.16195218555444232,0.27695784843604393,0.28054414268312383,0.2805458233263899,3
2022,Kepulauan Riau,0.22630373249830354,0.25675319902446103,0.25847110175990035,0.258471966717335,3
2022,Lampung,0.09355713214635945,0.31694376895677023,0.29475544465666936,0.29474365424020094,1
2022,Maluku,0.12577183098974468,0.29645022221600453,0.2888911550447954,0.28888679174945536,1
2022,Maluku Utara,0.3263164451232038,0.2217222607385425,0.22597945317633508,0.22598184096191862,0
2022,Nusa Tenggara Barat,0.30946044461301,0.22376997177230062,0.2333821135973292,0.23338747001736024,0
2022,Nusa Tenggara Timur,0.4222531742962635,0.18499053962918016,0.19637486445549682,0.19638142161905955,0
2022,Papua,0.33876807010079624,0.21753361358109927,0.22184794137522482,0.22185037494287976,0
2022,Papua Barat,0.3408859161194919,0.21684097424825746,0.2211353421028653,0.2211377675293854,0
2022,Papua Barat Daya,0.5130230541922174,0.1572119561896065,0.16488028717804507,0.1648847024401311,0
2022,Papua Pegunungan,0.32713819553054274,0.22185631926909918,0.225501713208141,0.22550377199221713,0
2022,Papua Selatan,0.25507516641113104,0.24330568100865302,0.25080751190251305,0.2508116406777029,0
2022,Papua Tengah,0.26875992253592856,0.24180647748961487,0.24471599881085687,0.2447176011635997,0
2022,Riau,0.22707181581083494,0.25057060522287167,0.26117588893691857,0.2611816900293748,3
2022,Sulawesi Barat,0.16889282991284588,0.2782029435766684,0.2764527101318175,0.27645151637866827,1
2022,Sulawesi Selatan,0.07259760630250904,0.32065129832403544,0.30338052588565273,0.3033705694878028,1
2022,Sulawesi Tengah,0.4322602942180532,0.18268293594952237,0.1925255654232349,0.19253120440918955,0
2022,Sulawesi Tenggara,0.0959007163057458,0.3108975134239009,0.29660491523530924,0.2965968550350441,1
2022,Sulawesi Utara,0.12776573213741463,0.28744107144073777,0.2923955146242218,0.29239768179762576,3
2022,Sumatera Barat,0.07398869524452384,0.32866438440830115,0.29868128119076176,0.2986656391564132,1
2022,Sumatera Selatan,0.07668881989602276,0.3283048233554585,0.2975111585723763,0.29749519817614245,1
2022,Sumatera Utara,0.16724220108636614,0.26949437671521603,0.2816284955330899,0.28163492666532797,3
2023,Aceh,0.6325848834386135,0.11609557316183455,0.12565695418181635,0.1256625892177355,0
2023,Bali,0.22878190174690907,0.2555192977939497,0.25784879057083177,0.2578500098883095,3
2023,Banten,0.19484418883752397,0.2701330765720313,0.2675121383938922,0.26751059619655254,1
2023,Bengkulu,0.11774695251261157,0.30543199720469427,0.2884150769552136,0.2884059733274806,1
2023,DKI Jakarta,0.21155196576710092,0.26405413235969605,0.2621974910730451,0.26219641080015793,1
2023,Daerah Istimewa Yogyakarta,0.16196426323791513,0.2835039982550334,0.277267635800384,0.2772641027066675,1
2023,Gorontalo,0.2995977154532772,0.22925947554875223,0.2355696507538841,0.2355731582440865,0
2023,Jambi,0.1510148193570934,0.28595467212680725,0.28151659103254606,0.2815139174835533,1
2023,Jawa Barat,0.17330073298120402,0.27700363485323803,0.27484852149443306,0.2748471106711249,1
2023,Jawa Tengah,0.08667487178290662,0.30764580375050177,0.30284151626254585,0.30283780820404577,1
2023,Jawa Timur,0.0803394488000823,0.325331801999887,0.2971717646659518,0.2971569845340789,1
2023,Kalimantan Barat,0.14341470133562828,0.2885995439194044,0.28399426275978223,0.2839914919851851,1
2023,Kalimantan Selatan,0.09507870181693708,0.31810024503187007,0.2934169794901187,0.2934040736610742,1
2023,Kalimantan Tengah,0.11087665398464173,0.2819917447088166,0.3035599977000391,0.3035716036065025,3
2023,Kalimantan Timur,0.09350981235836311,0.3189678526003065,0.29376774959241997,0.2937545854489104,1
2023,Kalimantan Utara,0.16671533300857286,0.2816951856658018,0.2757963979064045,0.2757930834192209,1
2023,Kepulauan Bangka Belitung,0.11896805066787736,0.2790631197162787,0.3009785025471133,0.3009903270687307,3
2023,Kepulauan Riau,0.10046438331726609,0.30212599975720905,0.29870613703832893,0.2987034798871959,1
2023,Lampung,0.07002236870530627,0.32550601888623093,0.3022422032414411,0.30222940916702173,1
2023,Maluku,0.2705153416281252,0.2388176553034177,0.24533171210046964,0.24533529096798756,0
2023,Maluku Utara,0.1508039734609913,0.28255123076081634,0.2833223492491889,0.2833224465290035,3
2023,Nusa Tenggara Barat,0.22097875156972588,0.2574356169365804,0.2607919703558608,0.2607936611378328,3
2023,Nusa Tenggara Timur,0.7587435186248132,0.07622733547849611,0.0825127168796911,0.08251642901699953,0
2023,Papua,0.43871362696093813,0.18249422497861878,0.18939410378439167,0.18939804427605145,0
2023,Papua Barat,0.39655198459331603,0.1973680735336226,0.20303835951833374,0.2030415823547276,0
2023,Papua Barat Daya,0.42507766377580336,0.1872796369868156,0.19381948321830403,0.193823216019077,0
2023,Papua Pegunungan,0.32713819553054274,0.22185631926909918,0.225501713208141,0.22550377199221713,0
2023,Papua Selatan,0.36604400135222853,0.20768455948623915,0.21313417610753618,0.21313726305399605,0
2023,Papua Tengah,0.26875992253592856,0.24180647748961487,0.24471599881085687,0.2447176011635997,0
2023,Riau,0.3619673009779515,0.20536352565740423,0.21633145732708464,0.2163377160375597,0
2023,Sulawesi Barat,0.16889282991284585,0.27820294357666847,0.2764527101318175,0.27645151637866827,1
2023,Sulawesi Selatan,0.05551477478136538,0.32083076713148206,0.3118305129206539,0.31182394516649864,1
2023,Sulawesi Tengah,0.323247127671313,0.22109854348348756,0.22782528773007954,0.22782904111511998,0
2023,Sulawesi Tenggara,0.08753529139985147,0.3122904331458676,0.3000907074104001,0.3000835680438808,1
2023,Sulawesi Utara,0.1742434847535617,0.2701686993652685,0.2777919413799233,0.27779587450124654,3
2023,Sumatera Barat,0.06905039698051552,0.33187318595313914,0.2995466196246503,0.299529797441695,1
2023,Sumatera Selatan,0.1019626121386441,0.3112367525524126,0.29340514940509627,0.293395485903847,1
2023,Sumatera Utara,0.3935060933927009,0.19515161096735814,0.20566814047199622,0.20567415516794477,0
2024,Aceh,0.6003092394962518,0.12706203448993408,0.1363116576635464,0.13631706835026766,0
2024,Bali,0.23001312031432086,0.2548905163776734,0.25754748505939035,0.2575488782486154,3
2024,Banten,0.1872129142664067,0.2731396199756621,0.2698246967864701,0.269822768971461,1
2024,Bengkulu,0.12654287296584463,0.3015969979895009,0.28593424222941305,0.28592588681524134,1
2024,DKI Jakarta,0.21188565834097708,0.2639293478335289,0.2620930312300411,0.262091962595453,1
2024,Daerah Istimewa Yogyakarta,0.15983635223133405,0.2839929167606207,0.2780870612320213,0.2780836697760239,1
2024,Gorontalo,0.3525404952737674,0.21146351508183672,0.21799614994925523,0.21799983969514067,0
2024,Jambi,0.08308710266866245,0.3165341170705119,0.30019405720694486,0.3001847230538809,1
2024,Jawa Barat,0.1361773005938169,0.29135946552706243,0.2862332073681382,0.28623002651098245,1
2024,Jawa Tengah,0.08977770614282236,0.3087088453220626,0.30075931632604685,0.30075413220906827,1
2024,Jawa Timur,0.06282256327413566,0.33457180938326264,0.3013115598374783,0.30129406750512344,1
2024,Kalimantan Barat,0.1507186298032981,0.2866490942528655,0.28131768785488764,0.2813145880889487,1
2024,Kalimantan Selatan,0.10201907127833401,0.311967933276928,0.29301159036103097,0.2930014050837071,1
2024,Kalimantan Tengah,0.21646080436561593,0.2519935713271933,0.2657690108736293,0.26577661343356146,3
2024,Kalimantan Timur,0.07233197127746008,0.3306106023915902,0.29853703080304,0.2985203955279097,1
2024,Kalimantan Utara,0.16544791882875384,0.2821917935438756,0.27618183302436394,0.2761784546030066,1
2024,Kepulauan Bangka Belitung,0.24418851573356107,0.2491170953517758,0.25334605136294525,0.253348337551718,3
2024,Kepulauan Riau,0.09950125601458938,0.3098867197195421,0.2953101081957872,0.2953019160700813,1
2024,Lampung,0.1350336653727075,0.288816393942783,0.2880753759469016,0.28807456473760784,1
2024,Maluku,0.3809855604032749,0.2026784383847829,0.20816644080596045,0.2081695604059818,0
2024,Maluku Utara,0.15080397346099134,0.28255123076081634,0.2833223492491888,0.2833224465290035,3
2024,Nusa Tenggara Barat,0.40416872497461137,0.19009724742353437,0.2028633412821167,0.2028706863197376,0
2024,Nusa Tenggara Timur,0.6285729463714331,0.1187120895076723,0.1263552535427424,0.1263597105781521,0
2024,Papua,0.36411496001661897,0.20637471953370903,0.21475279156967655,0.21475752887999547,0
2024,Papua Barat,0.32247131986990485,0.2230595131473829,0.22723341367584396,0.22723575330686832,0
2024,Papua Barat Daya,0.5130230541922174,0.1572119561896065,0.16488028717804507,0.1648847024401311,0
2024,Papua Pegunungan,0.32713819553054274,0.22185631926909918,0.225501713208141,0.22550377199221713,0
2024,Papua Selatan,0.32376078874699615,0.22200707197019665,0.2271146354973126,0.22711750378549464,0
2024,Papua Tengah,0.26875992253592856,0.24180647748961487,0.24471599881085687,0.2447176011635997,0
2024,Riau,0.18965959595882043,0.2698270636886047,0.2702566293318373,0.2702567110207375,3
2024,Sulawesi Barat,0.11007788189210536,0.2932686469128697,0.2983257593794641,0.29832771181556084,3
2024,Sulawesi Selatan,0.051588385697903937,0.3226859174207359,0.3128664337455985,0.3128592631357616,1
2024,Sulawesi Tengah,0.4304840883437414,0.18456452475850332,0.19247343618341983,0.19247795071433554,0
2024,Sulawesi Tenggara,0.1321475414155189,0.29399989235041174,0.28692834273416734,0.28692422349990204,1
2024,Sulawesi Utara,0.24671431323402815,0.24440665908352657,0.2544367460127232,0.254442281669722,3
2024,Sumatera Barat,0.08877005816980064,0.3126233682058404,0.2993071298912361,0.29929944373312284,1
2024,Sumatera Selatan,0.1678440720031644,0.26617288270839423,0.2829869056986997,0.2829961395897416,3
2024,Sumatera Utara,0.14433575128686352,0.2848049879741098,0.2854296372362919,0.28542962350273476,2
2025,Aceh,0.4124576764103932,0.1867587017953672,0.20038785210274787,0.20039576969149175,0
2025,Bali,0.2412538240356251,0.25082311063729296,0.25396069315147496,0.253962372175607,3
2025,Banten,0.2787158949709697,0.23871288151041783,0.2412849061903014,0.24128631732831116,0
2025,Bengkulu,0.2462452043500425,0.24960807517548445,0.25207270644095087,0.2520740140335222,3
2025,DKI Jakarta,0.21416828326800716,0.2630772545075604,0.26137772622787003,0.2613767359965624,1
2025,Daerah Istimewa Yogyakarta,0.15342389476343066,0.28641315221689845,0.2800832885798426,0.2800796644398284,1
2025,Gorontalo,0.2434713108000525,0.24741487574862364,0.25455495228082387,0.25455886117050003,3
2025,Jambi,0.15139536296570552,0.27491039477805973,0.2868440027569146,0.2868502394993202,3
2025,Jawa Barat,0.13596405632845748,0.2909866348633786,0.28652607003497127,0.28652323877319263,1
2025,Jawa Tengah,0.13940853741215262,0.2942487398449867,0.2831744021464381,0.28316832059642266,1
2025,Jawa Timur,0.072441469898507,0.3317566822034284,0.29790961470916877,0.2978922331888959,1
2025,Kalimantan Barat,0.16014350774497388,0.2802884703768067,0.27978429251353926,0.2797837293646802,1
2025,Kalimantan Selatan,0.06984789675572885,0.33091340840010985,0.29962752673101545,0.2996111681131458,1
2025,Kalimantan Tengah,0.07481733411162761,0.30709380293496724,0.3090446344390803,0.30904422851432484,2
2025,Kalimantan Timur,0.06715333770434248,0.33467912721059895,0.299092892690199,0.2990746423948596,1
2025,Kalimantan Utara,0.14323641663032713,0.2922584804515584,0.28225529500118834,0.2822498079169261,1
2025,Kepulauan Bangka Belitung,0.13031182084706147,0.2974831465316736,0.28610564144755773,0.2860993911737071,1
2025,Kepulauan Riau,0.13742837599708485,0.2890801286613983,0.2867465525470799,0.28674494279443696,1
2025,Lampung,0.21848173025435877,0.26107263586902524,0.2602230807583497,0.26022255311826625,1
2025,Maluku,0.5837234227918935,0.13362475851396047,0.14132368191594424,0.1413281367782018,0
2025,Maluku Utara,0.15080397346099134,0.28255123076081634,0.2833223492491888,0.2833224465290035,3
2025,Nusa Tenggara Barat,0.28027822950629316,0.23435985937220113,0.2426786656013946,0.24268324552011114,0
2025,Nusa Tenggara Timur,0.6529419371103641,0.10883914471625494,0.11910641078945668,0.11911250738392433,0
2025,Papua,0.49031828395838717,0.1639642864556542,0.17285615404944166,0.1728612755365171,0
2025,Papua Barat,0.32084781513348204,0.22365108489443183,0.22774940116316056,0.22775169880892562,0
2025,Papua Barat Daya,0.1726393607460419,0.278432148517459,0.27446540517160595,0.27446308556489313,1
2025,Papua Pegunungan,0.32713819553054274,0.22185631926909918,0.225501713208141,0.22550377199221713,0
2025,Papua Selatan,0.34562306422450123,0.21326379650807187,0.22055451237410448,0.22055862689332237,0
2025,Papua Tengah,0.26875992253592856,0.24180647748961487,0.24471599881085687,0.2447176011635997,0
2025,Riau,0.14500897837791227,0.28825446148107614,0.2833697458910286,0.283366814249983,1
2025,Sulawesi Barat,0.16889282991284585,0.27820294357666847,0.2764527101318175,0.27645151637866827,1
2025,Sulawesi Selatan,0.05361829887638456,0.30247015670383853,0.3219513975036468,0.3219601469161301,3
2025,Sulawesi Tengah,0.3171752158143399,0.22436470086724813,0.22922867755846785,0.22923140575994416,0
2025,Sulawesi Tenggara,0.1418926780964002,0.2896763796116777,0.2842170876740758,0.2842138546178463,1
2025,Sulawesi Utara,0.14264033194864137,0.28524315062624456,0.2860582291490286,0.28605828827608554,3
2025,Sumatera Barat,0.09872063202282134,0.3113892448451068,0.2949495740216917,0.2949405491103802,1
2025,Sumatera Selatan,0.16659969572899952,0.28137055012901396,0.27601638282865065,0.27601337131333586,1
2025,Sumatera Utara,0.1132284393027544,0.2985703033162573,0.2941021022924369,0.29409915508855144,1
