Tahun,Provinsi,u_cluster_0,u_cluster_1,u_cluster_2,u_cluster_3,label
2019,Aceh,0.4327925644844485,0.19054498154268765,0.1864419939969592,0.19022045997590464,0
2019,Bali,0.24870593571534252,0.25138776434381344,0.2487231536913341,0.25118314624951,1
2019,Banten,0.2373281743700276,0.2543439536911759,0.2540075224788963,0.25432034945990023,1
2019,Bengkulu,0.2191779035503097,0.26086804583566364,0.25921028254946826,0.2607437680645584,1
2019,DKI Jakarta,0.22965340993514155,0.25670701206056173,0.2569148225630293,0.25672475544126744,2
2019,Daerah Istimewa Yogyakarta,0.14757266297795263,0.28202802338691807,0.2879150293336123,0.282484284301517,2
2019,Gorontalo,0.1378004343178269,0.2876858411242761,0.2868730936209938,0.2876406309369032,1
2019,Jambi,0.31856253082803615,0.22909013977580167,0.2236804944884181,0.22866683490774412,0
2019,Jawa Barat,0.19360482311338365,0.26841429263384814,0.26947810347992623,0.26850278077284195,2
2019,Jawa Tengah,0.0946018506732743,0.29669264374603627,0.31093496995840997,0.2977705356222795,2
2019,Jawa Timur,0.09304095528399023,0.29684360675976584,0.3121222088876069,0.297993229068637,2
2019,Kalimantan Barat,0.1329518337159772,0.2895451426131297,0.28804934699681556,0.2894536766740775,1
2019,Kalimantan Selatan,0.09862162850403756,0.29548898647910854,0.3093543138219617,0.29653507119489225,2
2019,Kalimantan Tengah,0.07645794585426176,0.30275858703665337,0.3169355899058627,0.3038478772032221,2
2019,Kalimantan Timur,0.08994924895591214,0.2986667062423737,0.3117187479005686,0.2996652969011456,2
2019,Kalimantan Utara,0.14241954592419032,0.2838746995342993,0.2894012295635423,0.28430452497796815,2
2019,Kepulauan Bangka Belitung,0.365032283034353,0.21298956381181441,0.20928039067505746,0.21269776247877514,0
2019,Kepulauan Riau,0.14434495028181266,0.2884129700830507,0.27950623278276193,0.2877358468523747,1
2019,Lampung,0.19878053813939953,0.267005358017752,0.2671886858300956,0.2670254180127528,2
2019,Maluku,0.18687770018444078,0.274536375198476,0.2648069267370546,0.27377899788002863,1
2019,Maluku Utara,0.20737345875282237,0.26478297803620393,0.2631787732496154,0.2646647899613582,1
2019,Nusa Tenggara Barat,0.1894120964566061,0.26986403169414275,0.2707825771862338,0.2699412946630174,2
2019,Nusa Tenggara Timur,0.6701580711512906,0.11190272020046241,0.10647434531924234,0.1114648633290047,0
2019,Papua,0.2985760363178089,0.23470085760851767,0.2322158505609279,0.23450725551274565,0
2019,Papua Barat,0.270921978470124,0.24351474616971325,0.24215409499273124,0.24340918036743156,0
2019,Riau,0.27833272317695507,0.24181058537058728,0.23831623789248296,0.2415404535599747,0
2019,Sulawesi Barat,0.16248700926478724,0.27761898720310496,0.2819384760969181,0.27795552743518975,2
2019,Sulawesi Selatan,0.06367299467608092,0.30978073102387893,0.3162108356566726,0.3103354386433676,2
2019,Sulawesi Tengah,0.34973569589540476,0.21887680033416512,0.2129757554449805,0.21841174832544957,0
2019,Sulawesi Tenggara,0.1810091991291949,0.2736126563243574,0.27188971457265576,0.27348842997379197,1
2019,Sulawesi Utara,0.1527502664364481,0.2817096686875911,0.28366753036147735,0.28187253451448335,2
2019,Sumatera Barat,0.08375139352638444,0.3005520641809256,0.31410734303998494,0.3015891992527051,2
2019,Sumatera Selatan,0.16765943768379687,0.27634814640947114,0.2794023348875408,0.2765900810191912,2
2019,Sumatera Utara,0.2110582975574976,0.26466312852474105,0.259973682167629,0.2643048917501323,1
2020,Aceh,0.371660614964355,0.21057209088022596,0.20744200724300232,0.2103252869124167,0
2020,Bali,0.2747494374933557,0.24254335339387564,0.24033516438432523,0.2423720447284434,0
2020,Banten,0.2261183703056345,0.25790935578945173,0.258049259869165,0.25792301403574874,2
2020,Bengkulu,0.09133162660902668,0.2984973524833348,0.3107358900084548,0.29943513089918367,2
2020,DKI Jakarta,0.22481102870125078,0.2582168322407332,0.25871467061177383,0.2582574684462422,2
2020,Daerah Istimewa Yogyakarta,0.13358860567916545,0.28589419125670357,0.2940014829838457,0.2865157200802853,2
2020,Gorontalo,0.09019785189837187,0.2981798246942451,0.3123689687053346,0.29925335470204845,2
2020,Jambi,0.4203922537765335,0.19544304917210525,0.1892152885601652,0.19494940849119596,0
2020,Jawa Barat,0.1293836774444723,0.2884345864716745,0.2933543188482852,0.288827417235568,2
2020,Jawa Tengah,0.07950477076768715,0.3036075469179916,0.3125592950469704,0.3043283872673509,2
2020,Jawa Timur,0.09926723134564472,0.2952466208045342,0.3091877670761138,0.2962983807737073,2
2020,Kalimantan Barat,0.09019113852762205,0.2990877276167904,0.31073507364850045,0.299986060207087,2
2020,Kalimantan Selatan,0.10084285502126182,0.2949112109457167,0.30832200075073324,0.2959239332822883,2
2020,Kalimantan Tengah,0.07455183224419862,0.3048844439803242,0.3148845985762665,0.3056791251992107,2
2020,Kalimantan Timur,0.09235716789843906,0.29724323055262436,0.31203968269235516,0.2983599188565814,2
2020,Kalimantan Utara,0.1414927348421751,0.2844198564369301,0.2892850549337766,0.28480235378711827,2
2020,Kepulauan Bangka Belitung,0.17932387906726738,0.274474209863016,0.27191504936789634,0.2742868617018203,1
2020,Kepulauan Riau,0.1524422631007902,0.282905099825623,0.2818148192089424,0.28283781786464435,1
2020,Lampung,0.19434720052899573,0.2717932874285742,0.2627678084546902,0.2710917035877398,1
2020,Maluku,0.4489738306802969,0.18519492088247863,0.18097066308654883,0.18486058535067557,0
2020,Maluku Utara,0.15083073840507386,0.28239178194352926,0.28423219460839355,0.28254528504300336,2
2020,Nusa Tenggara Barat,0.3414273723169007,0.22093161920976193,0.21701610353415435,0.2206249049391831,0
2020,Nusa Tenggara Timur,0.4653690752140863,0.18204568219544456,0.17140036740118414,0.181184875189285,0
2020,Papua,0.4301143654309576,0.1916321485642741,0.1869886791423274,0.1912648068624409,0
2020,Papua Barat,0.26989517069687396,0.24392876731043084,0.24236809049901337,0.24380797149368183,0
2020,Riau,0.3588670432222364,0.21481261663466905,0.21174867983754422,0.21457166030555033,0
2020,Sulawesi Barat,0.24039042811330924,0.25373791234843773,0.25224618641634533,0.2536254731219077,1
2020,Sulawesi Selatan,0.06988859202299424,0.30878786149799553,0.31221275979939866,0.30911078667961156,2
2020,Sulawesi Tengah,0.13951095041335215,0.28491611459007693,0.29023984113684376,0.28533309385972705,2
2020,Sulawesi Tenggara,0.08447924575182801,0.30175678855155547,0.31125850214158673,0.3025054635550298,2
2020,Sulawesi Utara,0.2304695584252348,0.25638131498745037,0.256738676422465,0.25641045016484987,2
2020,Sumatera Barat,0.07300661346246835,0.30311172740833253,0.31952446290896586,0.30435719622023333,2
2020,Sumatera Selatan,0.08884173080961077,0.29891323031122896,0.3123084292560867,0.29993660962307356,2
2020,Sumatera Utara,0.09740768985779448,0.2980796436816996,0.3058214365979112,0.2986912298625947,2
2021,Aceh,0.5319311672033221,0.15768523117340572,0.15306598118431577,0.15731762043895633,0
2021,Bali,0.26489947089728416,0.2459594086524887,0.24338095060957457,0.24576016984065258,0
2021,Banten,0.20521482540524671,0.26477747330571216,0.2651925155975315,0.26481518569150964,2
2021,Bengkulu,0.19182330756112717,0.26919021055508735,0.26974797671124456,0.2692385051725409,2
2021,DKI Jakarta,0.21153497539864555,0.26242092883521395,0.26353416266178564,0.2625099331043549,2
2021,Daerah Istimewa Yogyakarta,0.1805647074341182,0.2721630178029212,0.2748942915319566,0.27237798323100393,2
2021,Gorontalo,0.2982438149544855,0.23450878152847174,0.23286720731766758,0.2343801961993752,0
2021,Jambi,0.20223479887841073,0.26590510963461883,0.26594584160272694,0.2659142498842435,2
2021,Jawa Barat,0.14614353652939754,0.283385481669539,0.28680830890161335,0.2836626728994502,2
2021,Jawa Tengah,0.08906232694830818,0.3017872727516319,0.3069279316850019,0.302222468615058,2
2021,Jawa Timur,0.09148780377244684,0.29792800637562483,0.3116150094872241,0.2989691803647043,2
2021,Kalimantan Barat,0.11147069750901918,0.29288342076510543,0.3020548900967206,0.2935909916291548,2
2021,Kalimantan Selatan,0.09117910402170054,0.29741335973901767,0.31283429880336217,0.2985732374359197,2
2021,Kalimantan Tengah,0.2219963454086265,0.26204340801112613,0.25450281620009374,0.2614574303801536,1
2021,Kalimantan Timur,0.07025151969257308,0.3026523987231515,0.32292958596733534,0.30416649561694015,2
2021,Kalimantan Utara,0.16673140327689692,0.2763300221331134,0.28029975589819806,0.2766388186917916,2
2021,Kepulauan Bangka Belitung,0.2770941506967981,0.2425366969886114,0.23817176530950163,0.24219738700508878,0
2021,Kepulauan Riau,0.2891735446036466,0.23809773674726065,0.23488046723496953,0.2378482514141232,0
2021,Lampung,0.16686004658465725,0.2817406084266289,0.2705285257869074,0.28087081920180645,1
2021,Maluku,0.5002803294996351,0.16815913107063368,0.1637517224176751,0.16780881701205608,0
2021,Maluku Utara,0.24624045665144167,0.2521355495711134,0.2496771822326307,0.25194681154481424,1
2021,Nusa Tenggara Barat,0.2809600041147334,0.2412985004111311,0.23679211443688983,0.24094938103724567,0
2021,Nusa Tenggara Timur,0.3003989105075829,0.2355641188379188,0.2289874574810958,0.23504951317340253,0
2021,Papua,0.31104013246287365,0.23363536768307525,0.2225721394230162,0.23275236043103487,0
2021,Papua Barat,0.34528762991014444,0.21923094049491043,0.2164676244119517,0.2190138051829935,0
2021,Riau,0.11800428094462885,0.2909245525547582,0.29948685175861656,0.29158431474199636,2
2021,Sulawesi Barat,0.16883243798793365,0.27666442710862876,0.27774439228904824,0.2767587426143895,2
2021,Sulawesi Selatan,0.08628315349883128,0.30402914959049254,0.30549930614182175,0.30418839076885446,2
2021,Sulawesi Tengah,0.3421994111859565,0.22069452024620695,0.21672283041787352,0.22038323814996313,0
2021,Sulawesi Tenggara,0.11504524332468793,0.29263342519189905,0.2991726484961116,0.2931486829873015,2
2021,Sulawesi Utara,0.12315736028896641,0.29317026809976715,0.2906662049639215,0.29300616664734497,1
2021,Sumatera Barat,0.08914781536737515,0.2988399861037561,0.31215829622974717,0.2998539022991215,2
2021,Sumatera Selatan,0.06738942871317374,0.30392037799676164,0.323309169875201,0.3053810234148637,2
2021,Sumatera Utara,0.4556692187063489,0.1834209378004055,0.17792470277672343,0.18298514071652217,0
2022,Aceh,0.5692592506398269,0.14608905028252075,0.13912351719218952,0.1455281818854629,0
2022,Bali,0.2429883107235383,0.25295652671459473,0.25123056765923985,0.25282459490262715,1
2022,Banten,0.2001207683621395,0.2665183499861378,0.2668129046844763,0.2665479769672464,2
2022,Bengkulu,0.15315165494338662,0.28051401122741076,0.2854374371576975,0.2808968966715051,2
2022,DKI Jakarta,0.214805230083607,0.2624318330285266,0.26047754510282833,0.2622853917850381,1
2022,Daerah Istimewa Yogyakarta,0.13305079498416705,0.28664350412433115,0.29315624079813674,0.28714946009336506,2
2022,Gorontalo,0.30017931176483736,0.23518691589170487,0.22986364320873734,0.23477012913472045,0
2022,Jambi,0.22651572529095612,0.2595564521654978,0.2547420504020286,0.25918577214151745,1
2022,Jawa Barat,0.16659826921852328,0.27734234695272947,0.27860679014336875,0.2774525936853785,2
2022,Jawa Tengah,0.08980368500729474,0.3019081453975612,0.30601935931245916,0.302268810282685,2
2022,Jawa Timur,0.08146179784479686,0.30076268227312003,0.3158626133704799,0.30191290651160324,2
2022,Kalimantan Barat,0.14178758326674892,0.28571727673823494,0.2866862598528342,0.2858088801421819,2
2022,Kalimantan Selatan,0.0843615683402353,0.29966661910009285,0.31513540693985975,0.3008364056198121,2
2022,Kalimantan Tengah,0.21242213137629476,0.2650448069891037,0.2580311723243145,0.264501889310287,1
2022,Kalimantan Timur,0.08764494354047603,0.29835375431527533,0.314438595132941,0.2995627070113077,2
2022,Kalimantan Utara,0.16671576432594598,0.2763348448553385,0.28030566480211233,0.27664372601660325,2
2022,Kepulauan Bangka Belitung,0.1618710930964593,0.2801200097897321,0.278036978410355,0.2799719187034535,1
2022,Kepulauan Riau,0.22627292681245811,0.25826953645290984,0.25726240384444105,0.25819513289019097,1
2022,Lampung,0.0935521680168007,0.29744605538204194,0.31055830285891545,0.29844347374224184,2
2022,Maluku,0.12571203416732804,0.2897998704607915,0.29432780844586665,0.2901602869260138,2
2022,Maluku Utara,0.3263574222558263,0.22545951688118365,0.2229223339484007,0.22526072691458943,0
2022,Nusa Tenggara Barat,0.3094646317184964,0.23223586564068166,0.22651062556339863,0.2317888770774233,0
2022,Nusa Tenggara Timur,0.42235738646772303,0.19500001685082896,0.18818444648454943,0.19445815019689866,0
2022,Papua,0.3388233116155548,0.22131749213030788,0.21874396981850994,0.22111522643562734,0
2022,Papua Barat,0.34094182189906114,0.22060726862367017,0.21804515231929078,0.2204057571579779,0
2022,Papua Barat Daya,0.5132186728147848,0.1639115559594551,0.15932295532730764,0.1635468158984524,0
2022,Papua Pegunungan,0.32718490236225023,0.22505366655546968,0.22287881268275575,0.22488261839952428,0
2022,Papua Selatan,0.2550576817717324,0.24991591638183538,0.24545630305367913,0.2495700987927531,0
2022,Papua Tengah,0.2687613304667963,0.24436739736584684,0.2426380239159291,0.24423324825142778,0
2022,Riau,0.22702312925834284,0.2599212378403271,0.2536212844181498,0.25943434848318025,1
2022,Sulawesi Barat,0.16883243798793365,0.27666442710862876,0.27774439228904824,0.2767587426143895,2
2022,Sulawesi Selatan,0.07253133406846597,0.30543085076514337,0.315783518060243,0.3062542971061477,2
2022,Sulawesi Tengah,0.4323693191918738,0.1913281051486397,0.1854411369117531,0.19086143874773343,0
2022,Sulawesi Tenggara,0.09584823888971519,0.2983168545769405,0.3068476666393503,0.29898723989399395,2
2022,Sulawesi Utara,0.12766133617944395,0.29179530980469665,0.2889435264027578,0.2915998276131016,1
2022,Sumatera Barat,0.07400273306291026,0.30233249505192816,0.32000164097795086,0.3036631309072107,2
2022,Sumatera Selatan,0.07671304153211138,0.30126667659692535,0.31939335013816367,0.3026269317327996,2
2022,Sumatera Utara,0.16717410626400067,0.28018256816972364,0.2730059537835747,0.27963737178270104,1
2023,Aceh,0.6327964738468084,0.12446980240295953,0.11872636331130268,0.12400736043892932,0
2023,Bali,0.228754120590815,0.25757455733968077,0.25620044201891407,0.2574708800505901,1
2023,Banten,0.1948102280624314,0.2678294422132259,0.26940420169353557,0.26795612803080715,2
2023,Bengkulu,0.1177371243778109,0.2904761785086074,0.30054200982945,0.2912446872841317,2
2023,DKI Jakarta,0.21152671811283152,0.2624235728760387,0.2635371079906452,0.26251260102048446,2
2023,Daerah Istimewa Yogyakarta,0.16192387414034895,0.2780196490360343,0.28174344906535764,0.2783130277582591,2
2023,Gorontalo,0.2996064582200903,0.2348142198691896,0.231057958215672,0.23452136369504814,0
2023,Jambi,0.1509573084948564,0.28204903597403275,0.28472641783952474,0.28226723769158607,2
2023,Jawa Barat,0.17324497600187386,0.27510748337262386,0.27642739681750567,0.2752201438079967,2
2023,Jawa Tengah,0.08657189370457034,0.3033667741397483,0.3064097676413381,0.30365156451434333,2
2023,Jawa Timur,0.08035369321518819,0.30059388659128145,0.31720354749503255,0.3018488726984978,2
2023,Kalimantan Barat,0.14334775853354972,0.2845491205724316,0.28732770763176557,0.2847754132622531,2
2023,Kalimantan Selatan,0.09509272283570551,0.29642084478761493,0.3109686758760646,0.29751775650061496,2
2023,Kalimantan Tengah,0.11081012026400464,0.3009897460808991,0.2881908490522661,0.30000928460283016,1
2023,Kalimantan Timur,0.09352797153865007,0.29683449407722406,0.3116839381103522,0.2979535962737736,2
2023,Kalimantan Utara,0.16667435333054997,0.27651073632456097,0.280028300008711,0.2767866103361781,2
2023,Kepulauan Bangka Belitung,0.11890346758015946,0.2983678903076969,0.2853587713527738,0.2973698707593698,1
2023,Kepulauan Riau,0.10035996806977679,0.29908904371480494,0.3012581810138357,0.2992928072015826,2
2023,Lampung,0.06998487481673854,0.30503627445592973,0.3188703199422412,0.3061085307850906,2
2023,Maluku,0.2705012198305447,0.24455650814216431,0.2406856370690494,0.24425663495824157,0
2023,Maluku Utara,0.15072554628380472,0.28323119723481005,0.2828283032841212,0.2832149531972641,1
2023,Nusa Tenggara Barat,0.22093057202989042,0.2603943646222141,0.2584261436183707,0.26024891972952485,1
2023,Nusa Tenggara Timur,0.7590027333886948,0.08169212178705201,0.07791731104070229,0.08138783378355088,0
2023,Papua,0.4388453028564376,0.18853493100500224,0.18441115724411822,0.18820860889444196,0
2023,Papua Barat,0.39665104748414143,0.2023341699612967,0.1989478724949081,0.20206691005965374,0
2023,Papua Barat Daya,0.4252040281534752,0.1930044630745783,0.1890962176409467,0.19269529113099976,0
2023,Papua Pegunungan,0.32718490236225023,0.22505366655546968,0.22287881268275575,0.22488261839952428,0
2023,Papua Selatan,0.3661192786804749,0.21246330281366888,0.20921037287505048,0.21220704563080575,0
2023,Papua Tengah,0.2687613304667963,0.24436739736584684,0.2426380239159291,0.24423324825142778,0
2023,Riau,0.36202072334787927,0.21501831475550506,0.20846129403102462,0.21449966786559113,0
2023,Sulawesi Barat,0.16883243798793363,0.27666442710862876,0.27774439228904824,0.2767587426143895,2
2023,Sulawesi Selatan,0.055410317226823165,0.31281310119126354,0.31845213251681215,0.31332444906510115,2
2023,Sulawesi Tengah,0.323273238320579,0.22701543160310433,0.22300892216054669,0.22670240791576998,0
2023,Sulawesi Tenggara,0.08745854935760097,0.3015412075882987,0.3088711660879747,0.3021290769661257,2
2023,Sulawesi Utara,0.17415938293221048,0.2768885762086263,0.27239953591928767,0.27655250493987554,1
2023,Sumatera Barat,0.06906991103213747,0.30348472306525426,0.32252845353962223,0.3049169123629861,2
2023,Sumatera Selatan,0.10193269858409908,0.2955604067639552,0.3061335379990331,0.2963733566529126,2
2023,Sumatera Utara,0.3935937512098941,0.2043977220484958,0.1981088584406791,0.20389966830093104,0
2024,Aceh,0.6005284289421344,0.13515525424994235,0.12960602680167357,0.13471029000624962,0
2024,Bali,0.22998509101179776,0.2572336530293412,0.25566599576974075,0.2571152601891203,1
2024,Banten,0.18717643403674472,0.2702256105001443,0.27221345871450314,0.27038449674860776,2
2024,Bengkulu,0.12653506888768015,0.28783301665786015,0.2970930102953939,0.28853890415906575,2
2024,DKI Jakarta,0.21186058615169034,0.26231665720091374,0.2634180347795605,0.2624047218678355,2
2024,Daerah Istimewa Yogyakarta,0.15979178264044938,0.2787977109884501,0.2823322452699219,0.2790782611011786,2
2024,Gorontalo,0.3525970496439759,0.2172025743090065,0.21330440415126217,0.2168959718957554,0
2024,Jambi,0.08302786860908033,0.3021401475205203,0.3119179999373463,0.3029139839330531,2
2024,Jawa Barat,0.13610911954013327,0.2868411411785197,0.28995095896842066,0.2870987803129264,2
2024,Jawa Tengah,0.08968878736802224,0.3016757126460526,0.3065450823905782,0.30209041759534694,2
2024,Jawa Timur,0.06283363453901994,0.3053499570409711,0.32498152238517536,0.3068348860348336,2
2024,Kalimantan Barat,0.15065981797718764,0.2819622182387605,0.2851601745640074,0.28221778922004453,2
2024,Kalimantan Selatan,0.10199919471462016,0.2953060959085091,0.30652968154098076,0.29616502783589,2
2024,Kalimantan Tengah,0.21642266809546382,0.2641368060990271,0.2559402854414073,0.26350024036410175,1
2024,Kalimantan Timur,0.07235871227857577,0.3024471847304584,0.3213294258896879,0.3038646771012779,2
2024,Kalimantan Utara,0.16540643386618906,0.27690942105561306,0.280493561356529,0.2771905837216689,2
2024,Kepulauan Bangka Belitung,0.24415747232988189,0.25284720585492154,0.2503405962136034,0.2526547256015932,1
2024,Kepulauan Riau,0.09944435674055045,0.2970587185664021,0.3057560210392151,0.29774090365383227,2
2024,Lampung,0.13495113553421909,0.28816054444861683,0.2886697893563216,0.28821853066084246,2
2024,Maluku,0.3810733383359069,0.20748764741617792,0.20421006429641,0.20722894995150518,0
2024,Maluku Utara,0.15072554628380472,0.2832311972348101,0.2828283032841211,0.2832149531972641,1
2024,Nusa Tenggara Barat,0.40424544896357073,0.20133480563229253,0.19369219711002053,0.20072754829411624,0
2024,Nusa Tenggara Timur,0.6288439023729191,0.1253682389440567,0.1207863824609776,0.1250014762220466,0
2024,Papua,0.3641635557160826,0.21374349291133382,0.20874299682103586,0.21334995455154765,0
2024,Papua Barat,0.32250679627074363,0.22672509646687844,0.22423782496344508,0.22653028229893282,0
2024,Papua Barat Daya,0.5132186728147848,0.1639115559594551,0.15932295532730764,0.1635468158984524,0
2024,Papua Pegunungan,0.32718490236225023,0.22505366655546968,0.22287881268275575,0.22488261839952428,0
2024,Papua Selatan,0.32379619899918527,0.22649577536270957,0.22345097489039367,0.2262570507477115,0
2024,Papua Tengah,0.2687613304667963,0.24436739736584684,0.2426380239159291,0.24423324825142778,0
2024,Riau,0.18960606950965286,0.2702112008493826,0.2699821960873833,0.2702005335535813,1
2024,Sulawesi Barat,0.10997128427034324,0.2976935552994243,0.294825867530225,0.2975092929000075,1
2024,Sulawesi Selatan,0.05148165047844281,0.3139346245822924,0.32009067556348436,0.31449304937578043,2
2024,Sulawesi Tengah,0.4306046266898893,0.1914987650757168,0.18677179821418383,0.1911248100202102,0
2024,Sulawesi Tenggara,0.13208316481392238,0.28777814013872577,0.292021124247724,0.2881175707996279,2
2024,Sulawesi Utara,0.2466741437300673,0.25325181138057185,0.247285591246317,0.2527884536430439,1
2024,Sumatera Barat,0.08870361529932846,0.30089335887046065,0.308874410237235,0.30152861559297583,2
2024,Sumatera Selatan,0.16779020530014163,0.28099500040569186,0.2709944099049523,0.28022038438921415,1
2024,Sumatera Utara,0.14426040886935748,0.28535284467976213,0.28504164523026243,0.2853451012206179,1
2025,Aceh,0.41256393771625965,0.1987534995689558,0.19058182059515544,0.1981007421196291,0
2025,Bali,0.24123193979744845,0.25358890097229314,0.2517320527976133,0.25344710643264506,1
2025,Banten,0.2787243954768355,0.24097381481133498,0.23944622415736477,0.24085556555446477,0
2025,Bengkulu,0.24622415081774604,0.2517809536769624,0.2503246264716048,0.2516702690336868,1
2025,DKI Jakarta,0.21414443091228244,0.2615848169064066,0.26260435943864596,0.261666392742665,2
2025,Daerah Istimewa Yogyakarta,0.1533763330793158,0.28084570960320304,0.2846321917653473,0.28114576555213383,2
2025,Gorontalo,0.243442603545143,0.2537088570766118,0.2494676124818194,0.2533809268964259,1
2025,Jambi,0.15131636165292436,0.28541958688602265,0.27837553222445816,0.2848885192365949,1
2025,Jawa Barat,0.13589269277187194,0.2870541368437202,0.2897710881546458,0.28728208222976204,2
2025,Jawa Tengah,0.13937840364246748,0.2845110209433604,0.2910900179671095,0.2850205574470626,2
2025,Jawa Timur,0.07248113022438048,0.3020467427401945,0.3219400349141092,0.3035320921213157,2
2025,Kalimantan Barat,0.16006846841901498,0.2798473936505046,0.2801965647772979,0.27988757315318263,2
2025,Kalimantan Selatan,0.06985896727184797,0.3034345299892379,0.32188109194948566,0.3048254107894285,2
2025,Kalimantan Tengah,0.07469850494456719,0.3087375208201993,0.30782901310358585,0.30873496113164767,1
2025,Kalimantan Timur,0.06719295996455976,0.30344474035707936,0.3243572455688825,0.30500505410947837,2
2025,Kalimantan Utara,0.1432063875111897,0.283464234873822,0.289405302413429,0.2839240752015593,2
2025,Kepulauan Bangka Belitung,0.13027517613758835,0.28748064781242255,0.29423993215426325,0.2880042438957258,2
2025,Kepulauan Riau,0.13734230265812555,0.28702898575033325,0.288472842373632,0.2871558692179091,2
2025,Lampung,0.21845716200816948,0.26032830665700685,0.2608435180760562,0.2603710132587674,2
2025,Maluku,0.583970086264204,0.14033576974328743,0.13572581166839665,0.13996833232411202,0
2025,Maluku Utara,0.15072554628380472,0.2832311972348101,0.2828283032841211,0.2832149531972641,1
2025,Nusa Tenggara Barat,0.2802580115420766,0.24169031026216795,0.2367449171070803,0.24130676108867521,0
2025,Nusa Tenggara Timur,0.6531304779186712,0.11784819661553955,0.11167244211880675,0.11734888334698254,0
2025,Papua,0.49049097082103565,0.17175130638361732,0.1664295170865029,0.17132820570884408,0
2025,Papua Barat,0.32088244308291564,0.22725039020384907,0.2248080862641984,0.22705908044903683,0
2025,Papua Barat Daya,0.1725905183871334,0.27494573164382896,0.27732710317772674,0.2751366467913109,2
2025,Papua Pegunungan,0.32718490236225023,0.22505366655546968,0.22287881268275575,0.22488261839952428,0
2025,Papua Selatan,0.34567186427703556,0.2196733989943667,0.21532332696618095,0.21933140976241686,0
2025,Papua Tengah,0.2687613304667963,0.24436739736584684,0.2426380239159291,0.24423324825142778,0
2025,Riau,0.14494480390005732,0.28395668386704376,0.28690226584777323,0.28419624638512575,2
2025,Sulawesi Barat,0.16883243798793363,0.27666442710862876,0.27774439228904824,0.2767587426143895,2
2025,Sulawesi Selatan,0.053514033507315324,0.31952091805133104,0.30822942743217147,0.3187356210091822,1
2025,Sulawesi Tengah,0.3172062178274782,0.2286400181822123,0.22574089856461937,0.22841286542569011,0
2025,Sulawesi Tenggara,0.14182754261606814,0.28487421935082025,0.2881588468995953,0.28513939113351633,2
2025,Sulawesi Utara,0.14254695511445378,0.285961744550275,0.2855440839374384,0.28594721639783277,1
2025,Sumatera Barat,0.09867969646285167,0.2969315967258265,0.3067006569974907,0.2976880498138311,2
2025,Sumatera Selatan,0.16655611280796243,0.27666670113591196,0.2798599064022793,0.2769172796538464,2
2025,Sumatera Utara,0.11313865152248605,0.2946282464131169,0.2973698804565303,0.2948632216078667,2
