Tahun,Provinsi,u_cluster_0,u_cluster_1,u_cluster_2,u_cluster_3,label
2019,Aceh,0.43265349063325886,0.19144465703229985,0.18444889142707596,0.19145296090736535,0
2019,Bali,0.24872744392295798,0.25194970580834036,0.24736799703009896,0.25195485323860267,3
2019,Banten,0.23734489948225213,0.25441602300491145,0.25382249239085125,0.25441658512198523,3
2019,Bengkulu,0.21921617507982408,0.2612169305994112,0.25834688144038065,0.2612200128803841,3
2019,DKI Jakarta,0.2296697563056719,0.2566616597841537,0.2570073964901377,0.25666118742003674,2
2019,Daerah Istimewa Yogyakarta,0.14760363586624567,0.28077009743574816,0.2908677109857744,0.2807585557122317,2
2019,Gorontalo,0.13789864629724854,0.2878706838810879,0.2863590957318926,0.28787157408977093,3
2019,Jambi,0.318538970671732,0.2302333083324829,0.22098365006991447,0.23024407092587074,0
2019,Jawa Barat,0.1936460951196727,0.26819062039639163,0.26997498807233067,0.2681882964116051,2
2019,Jawa Tengah,0.09459121684785664,0.2936097355013901,0.31821621712217857,0.29358283052857476,2
2019,Jawa Timur,0.09301657408661619,0.29352182295783713,0.3199683839875662,0.2934932189679804,2
2019,Kalimantan Barat,0.1330567638636793,0.2898894144131587,0.2871624422099053,0.28989137951325683,3
2019,Kalimantan Selatan,0.09860730561609919,0.2924793533618923,0.31646005551160483,0.29245328551040367,2
2019,Kalimantan Tengah,0.07648307020882057,0.2997256300571672,0.32409307777373114,0.2996982219602811,2
2019,Kalimantan Timur,0.08996359282291645,0.2958635638782037,0.31833435311873354,0.2958384901801463,2
2019,Kalimantan Utara,0.14245696458805673,0.2826949477759907,0.29216403403761576,0.2826840535983368,2
2019,Kepulauan Bangka Belitung,0.3649602608815784,0.2137886996269749,0.20745489627813873,0.21379614321330806,0
2019,Kepulauan Riau,0.1444180869863424,0.29030210688559904,0.27496078722111,0.29031901890694856,3
2019,Lampung,0.19882281592848658,0.2669672371037688,0.2672433010749567,0.26696664589278796,2
2019,Maluku,0.18692257368972887,0.27656877132499597,0.25992070120313815,0.27658795378213696,3
2019,Maluku Utara,0.20743116535326883,0.26511919569653,0.26232754181307494,0.26512209713712626,3
2019,Nusa Tenggara Barat,0.18945844423277217,0.26966948654791434,0.2712046234366806,0.26966744578263296,2
2019,Nusa Tenggara Timur,0.6699285674301751,0.11308715102458224,0.10388580512487529,0.11309847642036723,0
2019,Papua,0.2985546510505278,0.23523208141792648,0.23097627423475303,0.23523699329679268,0
2019,Papua Barat,0.2709146083712265,0.24380524137611423,0.24147223707389176,0.2438079131787674,0
2019,Riau,0.2783364734013025,0.2425511725127218,0.23655435972414157,0.24255799436183403,0
2019,Sulawesi Barat,0.16252184762227853,0.2766964735484611,0.2840937437455146,0.2766879350837458,2
2019,Sulawesi Selatan,0.0637763085813058,0.30853600226448985,0.3191664907889537,0.30852119836525066,2
2019,Sulawesi Tengah,0.34968510608553643,0.22012389898379503,0.21005522461673434,0.22013577031393425,0
2019,Sulawesi Tenggara,0.1810781761443458,0.2739778305768966,0.2709631556301551,0.2739808376486024,3
2019,Sulawesi Utara,0.1528289436506317,0.2812980315218902,0.284579267895952,0.28129375693152603,2
2019,Sumatera Barat,0.08376820116694077,0.29764082266141473,0.32097619421591944,0.297614781955725,2
2019,Sumatera Selatan,0.16770221166574123,0.275700113063721,0.2809037561342348,0.2756939191363031,2
2019,Sumatera Utara,0.21110966883657342,0.2656514818737847,0.2575783857506034,0.2656604635390385,3
2020,Aceh,0.37157542886488554,0.21125336617953488,0.2059115344459988,0.2112596705095807,0
2020,Bali,0.2747471367091683,0.24301152326486464,0.23922548142343125,0.2430158586025359,0
2020,Banten,0.22613946595714393,0.25787987012939595,0.2581011793214772,0.2578794845919829,2
2020,Bengkulu,0.09135111551142329,0.29587025362701563,0.3169319458952176,0.2958466849663435,2
2020,DKI Jakarta,0.22483051209265353,0.2581101070867262,0.2589503307711413,0.258109050049479,2
2020,Daerah Istimewa Yogyakarta,0.13360497120634499,0.2841524196411997,0.2981058177870191,0.2841367913654362,2
2020,Gorontalo,0.09019346568479525,0.29510537580061763,0.31962257464309307,0.2950785838714941,2
2020,Jambi,0.4202791272296712,0.19677228932244692,0.18616365157932843,0.19678493186855334,0
2020,Jawa Barat,0.12944258008128284,0.2874029889114912,0.2957615391526783,0.2873928918545477,2
2020,Jawa Tengah,0.07957885262160555,0.30176211528719177,0.31691551094209347,0.3017435211491093,2
2020,Jawa Timur,0.09925048986345111,0.292221118858829,0.31633348118564747,0.2921949100920724,2
2020,Kalimantan Barat,0.09022678701052661,0.2965993286124784,0.31659720853334467,0.29657667584365033,2
2020,Kalimantan Selatan,0.1008330753928242,0.29200170326176855,0.3151887666304905,0.2919764547149168,2
2020,Kalimantan Tengah,0.07462109625398311,0.302799267140719,0.3198007280748532,0.30277890853044476,2
2020,Kalimantan Timur,0.09234182051561156,0.2940331647646564,0.31961967987869544,0.2940053348410366,2
2020,Kalimantan Utara,0.14153824951591973,0.2833878608870854,0.29169578050884104,0.2833781090881538,2
2020,Kepulauan Bangka Belitung,0.17939433648953707,0.2750200968326542,0.27056089140000084,0.2750246752778079,3
2020,Kepulauan Riau,0.15252702160172016,0.2831515184230412,0.2811684859906961,0.2831529739845425,3
2020,Lampung,0.1943882839841522,0.27368171127556495,0.2582305364092524,0.27369946833103037,3
2020,Maluku,0.4488288885973681,0.1861212862814261,0.17891998036603626,0.18612984475516944,0
2020,Maluku Utara,0.15090001078756068,0.28200685717809754,0.28509031110627125,0.2820028209280705,2
2020,Nusa Tenggara Barat,0.3413851231888514,0.22176708225080818,0.2150729076552395,0.22177488690510086,0
2020,Nusa Tenggara Timur,0.46519412803415217,0.1842672482862164,0.16624909582493533,0.18428952785469602,0
2020,Papua,0.42998528779825174,0.19264050680575784,0.1847242987715566,0.19264990662443385,0
2020,Papua Barat,0.26989185376401353,0.24426100213055207,0.24158308877798293,0.24426405532745143,0
2020,Riau,0.3587955366352799,0.21547711246547793,0.21024409238686775,0.2154832585123744,0
2020,Sulawesi Barat,0.240416211698718,0.25405349383907166,0.25147400170019557,0.2540562927620148,3
2020,Sulawesi Selatan,0.07000138133663039,0.3081758682746147,0.3136558522570479,0.3081668981317071,2
2020,Sulawesi Tengah,0.13956044166980258,0.28378341699172993,0.29288333189527543,0.28377280944319205,2
2020,Sulawesi Tenggara,0.0845398896911982,0.2997585238017164,0.3159621620803209,0.2997394244267644,2
2020,Sulawesi Utara,0.2304858841038285,0.2563038554758807,0.2569071622874469,0.25630309813284385,2
2020,Sumatera Barat,0.07300926061690022,0.2995660505322169,0.3278897634309466,0.2995349254199363,2
2020,Sumatera Selatan,0.0888518026900439,0.2960337908909357,0.31910629201211455,0.29600811440690583,2
2020,Sumatera Utara,0.09746692157617033,0.29645128181513886,0.3096461421003241,0.29643565450836673,2
2021,Aceh,0.5317087788257585,0.15871476965605433,0.15085224214031498,0.1587242093778722,0
2021,Bali,0.2649076668177368,0.24650436104791693,0.24207858068178179,0.24650939145256454,0
2021,Banten,0.20525237455094802,0.26469122960571767,0.26536619885389734,0.26469019698943697,2
2021,Bengkulu,0.19186913584621854,0.26906953074150725,0.26999309711190783,0.26906823630036636,2
2021,DKI Jakarta,0.21156168924735927,0.2621832207492937,0.2640741588840596,0.2621809311192875,2
2021,Daerah Istimewa Yogyakarta,0.18060347491244244,0.2715799145382569,0.2762421796306832,0.27157443091861744,2
2021,Gorontalo,0.29821728877454706,0.23486217840114218,0.23205508183041748,0.2348654509938933,0
2021,Jambi,0.20227577208328198,0.26589799213175025,0.26592856055116154,0.2658976752338062,2
2021,Jawa Barat,0.1462041832805947,0.2826713235884764,0.28846034719668845,0.2826641459342404,2
2021,Jawa Tengah,0.0891537059534611,0.300765839878661,0.3093261299749081,0.30075432419296977,2
2021,Jawa Timur,0.09148922734798609,0.2949761290980057,0.3185845765583202,0.29495006699568804,2
2021,Kalimantan Barat,0.11150123820854155,0.29092180866476364,0.3066729956533651,0.29090395747332976,2
2021,Kalimantan Selatan,0.09115592349264867,0.2940589923701638,0.3207549444885552,0.29403013964863234,2
2021,Kalimantan Tengah,0.22203321231544904,0.26362182002957274,0.25070831496095297,0.26363665269402525,3
2021,Kalimantan Timur,0.0702116293497624,0.29821784075300284,0.3333901885751867,0.2981803413220481,2
2021,Kalimantan Utara,0.16676350886408492,0.2754808465225932,0.28228262590327796,0.2754730187100439,2
2021,Kepulauan Bangka Belitung,0.2771115112994932,0.24345262827504902,0.23597463718059827,0.2434612232448595,0
2021,Kepulauan Riau,0.28916752387635175,0.2387810649086943,0.23326403379387545,0.23878737742107856,0
2021,Lampung,0.16691137353352622,0.2840885394117663,0.2648895676906069,0.2841105193641006,3
2021,Maluku,0.5000781445955503,0.16913913958543123,0.16163458709712908,0.1691481287218894,0
2021,Maluku Utara,0.24626696532336861,0.2526519565980861,0.24842437388670677,0.2526567041918386,3
2021,Nusa Tenggara Barat,0.2809789014641981,0.24224680431027112,0.23451866319256745,0.24225563103296324,0
2021,Nusa Tenggara Timur,0.30038786663499834,0.23694749776443902,0.2257040562251542,0.23696057937540843,0
2021,Papua,0.31097812695574084,0.2359315119388651,0.21713616261095944,0.23595419849443452,0
2021,Papua Barat,0.34523031341209165,0.21982831467672595,0.21510752129545793,0.21983385061572447,0
2021,Riau,0.11803870589195131,0.28908929875860284,0.3037993298339141,0.2890726655155318,2
2021,Sulawesi Barat,0.168896349390274,0.27644173910908093,0.27822270790976267,0.27643920359088237,2
2021,Sulawesi Selatan,0.08639594945541768,0.3037972749844722,0.3060141676771697,0.3037926078829404,2
2021,Sulawesi Tengah,0.34215335792563434,0.2215426819534651,0.214753354700663,0.22155060542023752,0
2021,Sulawesi Tenggara,0.11510075376943128,0.2912522116865224,0.30240797186793617,0.2912390626761102,2
2021,Sulawesi Utara,0.12327037330504367,0.2937384848456453,0.28924893721431416,0.2937422046349969,3
2021,Sumatera Barat,0.08915837000801158,0.29596714620485604,0.3189327269852789,0.2959417568018534,2
2021,Sumatera Selatan,0.06737413293016063,0.2997110160287389,0.3332401824276211,0.2996746686134794,2
2021,Sumatera Utara,0.45552930935146757,0.18460748619485096,0.17524455347535103,0.1846186509783304,0
2022,Aceh,0.5690636599790939,0.14757725879520958,0.13576733304321825,0.1475917481824782,0
2022,Bali,0.24300829568565863,0.2533200571991269,0.25034827970394685,0.2533233674112676,3
2022,Banten,0.20016395083100755,0.2664589902001714,0.2669189145629135,0.2664581444059076,2
2022,Bengkulu,0.153189367113931,0.27946142130467466,0.28789749447988716,0.2794517171015072,2
2022,DKI Jakarta,0.21484882296217858,0.26284377463881947,0.25945999676496856,0.26284740563403336,3
2022,Daerah Istimewa Yogyakarta,0.13308957643391267,0.28525385790362945,0.29641552208016675,0.28524104358229113,2
2022,Gorontalo,0.30016717108384205,0.23630744042197638,0.22720734810804438,0.2363180403861371,0
2022,Jambi,0.22655716418507002,0.2605676457089692,0.2522982083183787,0.2605769817875822,3
2022,Jawa Barat,0.16666401448029725,0.27708445522821856,0.2791700354897465,0.27708149480173766,2
2022,Jawa Tengah,0.08990298605329618,0.3011154615105903,0.30787579653834984,0.30110575589776356,2
2022,Jawa Timur,0.08146419154455925,0.2975113719931853,0.3235418737128784,0.2974825627493771,2
2022,Kalimantan Barat,0.14187540619270497,0.28552567476410445,0.2870757931947941,0.28552312584839656,2
2022,Kalimantan Selatan,0.08435732486734097,0.29631497635410925,0.3230419030856818,0.296285795692868,2
2022,Kalimantan Tengah,0.21247020097509645,0.2665136241554797,0.25448883841044717,0.26652733645897675,3
2022,Kalimantan Timur,0.08762114214253994,0.29485309461306375,0.32270272807383255,0.29482303517056374,2
2022,Kalimantan Utara,0.16674787377665623,0.2754854390582894,0.2822890780645872,0.2754776091004672,2
2022,Kepulauan Bangka Belitung,0.16195690389707165,0.2805658939015333,0.2769077563645532,0.2805694458368418,3
2022,Kepulauan Riau,0.22630552610120766,0.2584814498363776,0.2567297440668854,0.25848327999552934,3
2022,Lampung,0.09355741249166026,0.29461657732288715,0.31723439961776323,0.2945916105676894,2
2022,Maluku,0.12577531949462345,0.2888442544737128,0.2965454210465854,0.2888350049850784,2
2022,Maluku Utara,0.3263140610497566,0.2260063387597025,0.22166820147699148,0.22601139871354953,0
2022,Nusa Tenggara Barat,0.30946019062874086,0.2334411719332538,0.223646116009291,0.23345252142871428,0
2022,Nusa Tenggara Timur,0.42224711233116285,0.19644587304231764,0.1848472416813963,0.19645977294512315,0
2022,Papua,0.3387648557525498,0.22187539704255566,0.2174791928028994,0.22188055440199514,0
2022,Papua Barat,0.3408826635138545,0.22116267616561003,0.21678684395792178,0.2211678163626137,0
2022,Papua Barat Daya,0.5130116780024367,0.16493062121850677,0.15711771986830417,0.1649399809107522,0
2022,Papua Pegunungan,0.3271354787352556,0.22552490391899224,0.2218103502502923,0.22552926709545987,0
2022,Papua Selatan,0.2550761775746111,0.2508534179179572,0.24320823978320957,0.2508621647242222,0
2022,Papua Tengah,0.26875983933753117,0.24473397104154862,0.24176882391409854,0.24473736570682164,0
2022,Riau,0.22707463827798055,0.2612404239175804,0.25043222547677946,0.2612527123276596,3
2022,Sulawesi Barat,0.168896349390274,0.27644173910908093,0.27822270790976267,0.27643920359088237,2
2022,Sulawesi Selatan,0.07260149311118168,0.30327499187723134,0.32086962769644545,0.3032538873151416,2
2022,Sulawesi Tengah,0.43225395189964555,0.1925874694864408,0.18255915635278236,0.19259942226113133,0
2022,Sulawesi Tenggara,0.09590378585844649,0.2965166616486819,0.31107997183086245,0.29649958066200915,2
2022,Sulawesi Utara,0.12777180681683742,0.2924263559418249,0.28737090635191276,0.29243093088942496,3
2022,Sumatera Barat,0.07398786055566704,0.29849280063315037,0.32905965239888924,0.2984596864122933,2
2022,Sumatera Selatan,0.07668738462805853,0.297317251525458,0.3287118976386735,0.29728346620781,2
2022,Sumatera Utara,0.16724614117254166,0.2817028588486894,0.2693345245051322,0.28171647547363676,3
2023,Aceh,0.6325725992790499,0.12571852763038208,0.1159783964862908,0.12573047660427722,0
2023,Bali,0.22878351682189585,0.257862879804331,0.2554881422400131,0.25786546113376,3
2023,Banten,0.1948461672962111,0.26749573841171714,0.27016562590695165,0.2674924683851201,2
2023,Bengkulu,0.11774751727767489,0.28830869258683256,0.3056543767915846,0.2882894133439079,2
2023,DKI Jakarta,0.2115534365448004,0.26218580078874865,0.26407725211898964,0.2621835105474613,2
2023,Daerah Istimewa Yogyakarta,0.1619666179764172,0.2772288156647718,0.28358323851480766,0.2772213278440034,2
2023,Gorontalo,0.2995972032863029,0.2356085985107329,0.22917816798192825,0.23561603022103597,0
2023,Jambi,0.15101817267193213,0.28148909278195117,0.2860093123163639,0.2814834222297529,2
2023,Jawa Barat,0.1733039825640868,0.2748351277879943,0.2770287570427568,0.2748321326051621,2
2023,Jawa Tengah,0.08668088494382038,0.3028146194466596,0.3076977613444156,0.3028067342651043,2
2023,Jawa Timur,0.08033860475693279,0.2969951307827728,0.3257024259348369,0.2969638385254575,2
2023,Kalimantan Barat,0.14341860621577288,0.28396560280469385,0.2886560647306286,0.2839597262489047,2
2023,Kalimantan Selatan,0.09507786396200633,0.2932618849534921,0.3184256889668773,0.2932345621176242,2
2023,Kalimantan Tengah,0.1108804859984125,0.30369207442306384,0.28171078841950187,0.3037166511590218,3
2023,Kalimantan Timur,0.09350873142769198,0.29360939903608835,0.31930033996255475,0.29358152957366496,2
2023,Kalimantan Utara,0.16671772346893057,0.27575950879720884,0.28177028271574267,0.27575248501811794,2
2023,Kepulauan Bangka Belitung,0.11897176603263807,0.3011126666716935,0.27877785985369236,0.3011377074419761,3
2023,Kepulauan Riau,0.10047047756680152,0.298686463858791,0.3021622455072987,0.29868081306710875,2
2023,Lampung,0.07002457108721744,0.3020982338018029,0.325806064699396,0.30207113041158373,2
2023,Maluku,0.2705161588947837,0.24537163583836707,0.23873298771844972,0.24537921754839942,0
2023,Maluku Utara,0.15080854066319221,0.2833269688405461,0.28253732494346484,0.2833271655527969,3
2023,Nusa Tenggara Barat,0.2209815534219702,0.26081240491626595,0.25739005924027075,0.26081598242149306,3
2023,Nusa Tenggara Timur,0.7587284528023042,0.08255555896967745,0.07615255728469623,0.0825634309433223,0
2023,Papua,0.43870596756491176,0.18943865619485697,0.18240836773768546,0.18944700850254584,0
2023,Papua Barat,0.396546222087515,0.2030748599465439,0.1972972272878551,0.2030816906780859,0
2023,Papua Barat Daya,0.4250703131939897,0.19386174996943292,0.1871982748398123,0.19386966199676517,0
2023,Papua Pegunungan,0.3271354787352556,0.22552490391899224,0.2218103502502923,0.22552926709545987,0
2023,Papua Selatan,0.3660396215027557,0.21316890810554723,0.20761601988407785,0.21317545050761916,0
2023,Papua Tengah,0.26875983933753117,0.24473397104154862,0.24176882391409854,0.24473736570682164,0
2023,Riau,0.36196419152659853,0.21639918526163496,0.20522417240351032,0.21641245080825613,0
2023,Sulawesi Barat,0.16889634939027395,0.27644173910908093,0.2782227079097627,0.2764392035908824,2
2023,Sulawesi Selatan,0.05552088657314339,0.3117803229686405,0.32093242574039776,0.3117663647178183,2
2023,Sulawesi Tengah,0.3232456056158574,0.22786707623825858,0.22101228876876655,0.2278750293771174,0
2023,Sulawesi Tenggara,0.08753978109383283,0.30001599699769105,0.3124433612377585,0.3000008606707176,2
2023,Sulawesi Utara,0.17424837289902653,0.27783835861597517,0.2700665852969578,0.2778466831880405,3
2023,Sumatera Barat,0.06904924321061519,0.29934333872196933,0.3322996905860552,0.2993077274813603,2
2023,Sumatera Selatan,0.10196435864049348,0.2932939599434979,0.31146818955539246,0.29327349186061613,2
2023,Sumatera Utara,0.3935009903605171,0.20573374999509797,0.19501876085209907,0.20574649879228576,0
2024,Aceh,0.6002965029605389,0.13637168200109484,0.12694866087100143,0.13638315416736482,0
2024,Bali,0.23001474934166846,0.2575636169345452,0.25485506728686647,0.25756656643691994,3
2024,Banten,0.1872150398335145,0.2698039826449065,0.27318108195015217,0.2697998955714268,2
2024,Bengkulu,0.1265433176545813,0.28583622168224626,0.30180193308639636,0.2858185275767761,2
2024,DKI Jakarta,0.21188711888925535,0.26208146777475155,0.26395221113365097,0.2620792022023421,2
2024,Daerah Istimewa Yogyakarta,0.15983895142062493,0.2780503801347617,0.2840674771778398,0.2780431912667737,2
2024,Gorontalo,0.35253720254780235,0.21803715796362247,0.2113806619347785,0.21804497755379673,0
2024,Jambi,0.08309057577658668,0.3000938355247963,0.3167415366665815,0.30007405203203563,2
2024,Jawa Barat,0.1361812789630608,0.28620185353149113,0.2914217627451888,0.28619510476025933,2
2024,Jawa Tengah,0.08978290408613493,0.30071222122567676,0.30880365841772256,0.3007012162704657,2
2024,Jawa Timur,0.06282191554064961,0.3011032281646912,0.3350086628628331,0.30106619343182606,2
2024,Kalimantan Barat,0.15072206078235068,0.2812844002543321,0.2867157102479244,0.2812778287153928,2
2024,Kalimantan Selatan,0.10202022808566188,0.29289319590385954,0.31221495097126956,0.29287162503920905,2
2024,Kalimantan Tengah,0.2164630031754059,0.26585297654952267,0.25181493757376394,0.26586908270130744,3
2024,Kalimantan Timur,0.07233039022723863,0.29833514761815694,0.33103452876617573,0.2982999333884287,2
2024,Kalimantan Utara,0.16545033885689073,0.27614426114130075,0.2822682981603462,0.27613710184146234,2
2024,Kepulauan Bangka Belitung,0.24419032177437391,0.2533717052630592,0.24906142555317418,0.25337654740939275,3
2024,Kepulauan Riau,0.09950458615306972,0.2952199725661377,0.3100728282628473,0.2952026130179453,2
2024,Lampung,0.13503847325711457,0.28807092677670854,0.28882140325748956,0.2880691967086873,2
2024,Maluku,0.3809804542559267,0.20820160663385057,0.20260972055367044,0.2082082185565524,0
2024,Maluku Utara,0.15080854066319221,0.2833269688405461,0.28253732494346484,0.28332716555279686,3
2024,Nusa Tenggara Barat,0.40416425938422734,0.20294218710851372,0.18993579671767338,0.20295775678958553,0
2024,Nusa Tenggara Timur,0.6285571930854201,0.12640669532222323,0.11861996633677561,0.12641614525558095,0
2024,Papua,0.36411213176432317,0.21480488928547814,0.20626804986691152,0.21481492908328714,0
2024,Papua Barat,0.32246925628214157,0.22725968904889796,0.223006407748783,0.22726464692017748,0
2024,Papua Barat Daya,0.5130116780024367,0.16493062121850677,0.15711771986830417,0.1649399809107522,0
2024,Papua Pegunungan,0.3271354787352556,0.22552490391899224,0.2218103502502923,0.22552926709545987,0
2024,Papua Selatan,0.3237587279949865,0.22714660289744792,0.22194198795008918,0.2271526811574764,0
2024,Papua Tengah,0.26875983933753117,0.24473397104154862,0.24176882391409854,0.24473736570682164,0
2024,Riau,0.18966271351240585,0.2702588988024081,0.26981932025571403,0.27025906742947203,3
2024,Sulawesi Barat,0.11008407917515087,0.2983583111240403,0.2931951863906387,0.2983624233101701,3
2024,Sulawesi Selatan,0.05159463401180043,0.312811930114804,0.3227967449977284,0.312796690875667,2
2024,Sulawesi Tengah,0.43047707522757167,0.19252390781349385,0.18446554022446845,0.1925334767344659,0
2024,Sulawesi Tenggara,0.13215129929573277,0.28688448504650477,0.29408846367084196,0.2868757519869206,2
2024,Sulawesi Utara,0.24671664478204647,0.25449769780643827,0.2442762320080531,0.2545094254034621,3
2024,Sumatera Barat,0.08877394570204061,0.29922541155253196,0.31279152408246236,0.29920911866296507,2
2024,Sumatera Selatan,0.16784718299479626,0.2830893204982706,0.2659546156763714,0.2831088808305617,3
2024,Sumatera Utara,0.14434013734355336,0.28543352598340477,0.28479285010031596,0.285433486572726,1
2025,Aceh,0.41245150445912565,0.20047219087132917,0.18658732831292996,0.2004889763566152,0
2025,Bali,0.24125509536792494,0.25397982084822396,0.2507817072633974,0.25398337652045366,3
2025,Banten,0.2787153995759084,0.24130096575556437,0.23867967946229918,0.24130395520622802,0
2025,Bengkulu,0.2462464292886206,0.2520877152238281,0.24957537145838052,0.25209048402917084,3
2025,DKI Jakarta,0.21416967270567527,0.2613670167836716,0.2630983931114451,0.261364917399208,2
2025,Daerah Istimewa Yogyakarta,0.15342666845494432,0.2800439329993413,0.28649314733569303,0.28003625121002124,2
2025,Gorontalo,0.24347297535249796,0.2545984917339096,0.24732176081767118,0.2546067720959213,3
2025,Jambi,0.15139993923626313,0.2869172451502283,0.27475236817248627,0.2869304474410224,3
2025,Jawa Barat,0.13596821936214903,0.28649882991485387,0.2910401294371801,0.28649282128581705,2
2025,Jawa Tengah,0.13941029344438963,0.2831054273139218,0.2943917355659281,0.2830925436757604,2
2025,Jawa Timur,0.07243912402681038,0.2976959385567259,0.332205787921943,0.29765914949452077,2
2025,Kalimantan Barat,0.1601478809538982,0.2797809713944135,0.28029137734897686,0.27977977030271145,2
2025,Kalimantan Selatan,0.0698472413091225,0.2994310578638383,0.3313252749507734,0.2993964258762658,2
2025,Kalimantan Tengah,0.07482425416754522,0.30906062640834653,0.30705539525502495,0.30905972416908334,1
2025,Kalimantan Timur,0.06715099537082041,0.2988681333712199,0.3351513649116956,0.29882950634626404,2
2025,Kalimantan Utara,0.14323816535739436,0.2821928940193144,0.29238767076713285,0.2821812698561584,2
2025,Kepulauan Bangka Belitung,0.13031395639719856,0.2860346717572215,0.2976299412648075,0.2860214305807724,2
2025,Kepulauan Riau,0.1374333962937778,0.28673192239768086,0.2891061783359199,0.2867285029726214,2
2025,Lampung,0.218483161207986,0.26021762129339576,0.2610827157320502,0.260216501766568,2
2025,Maluku,0.5837090760805713,0.14137512071196884,0.13353123817345336,0.14138456503400643,0
2025,Maluku Utara,0.15080854066319221,0.2833269688405461,0.28253732494346484,0.28332716555279686,3
2025,Nusa Tenggara Barat,0.2802793978557465,0.2427295526253997,0.23425179426497145,0.24273925525388237,0
2025,Nusa Tenggara Timur,0.6529310064676005,0.11917156420791669,0.10871293626596544,0.11918449305851729,0
2025,Papua,0.4903082395335464,0.17291343836288972,0.16385402700265253,0.17292429510091145,0
2025,Papua Barat,0.32084580093902654,0.2277751948123848,0.2235989405258085,0.22778006372278015,0
2025,Papua Barat Daya,0.17264220937668684,0.2744405867751144,0.2784815350597041,0.2744356687884947,2
2025,Papua Pegunungan,0.3271354787352556,0.22552490391899224,0.2218103502502923,0.22552926709545987,0
2025,Papua Selatan,0.3456202229443253,0.2206000119096404,0.2131710335396041,0.2206087316064302,0
2025,Papua Tengah,0.26875983933753117,0.24473397104154862,0.24176882391409854,0.24473736570682164,0
2025,Riau,0.14501272198224593,0.28333943679384616,0.28831462203090974,0.28333321919299814,2
2025,Sulawesi Barat,0.16889634939027395,0.27644173910908093,0.2782227079097627,0.2764392035908824,2
2025,Sulawesi Selatan,0.053624316260912075,0.32207635873786294,0.3022044926906326,0.32209483231059244,3
2025,Sulawesi Tengah,0.3171734111591572,0.2292590788779619,0.22430264979036305,0.2292648601725179,0
2025,Sulawesi Tenggara,0.1418964785759338,0.28418315481201767,0.28974406753156456,0.28417629908048403,2
2025,Sulawesi Utara,0.1426457735824554,0.28606311871896695,0.2852278747853766,0.28606323291320107,3
2025,Sumatera Barat,0.09872302466929525,0.2948473479794509,0.31160139803362574,0.2948282293176281,2
2025,Sumatera Selatan,0.16660223601380325,0.2759827851600207,0.28143857550123225,0.27597640332494383,2
2025,Sumatera Utara,0.11323368050438362,0.29407497037996083,0.29862263607191725,0.2940687130437383,2
