Tahun,Provinsi,u_cluster_0,u_cluster_1,u_cluster_2,u_cluster_3,label
2019,Aceh,0.19142932689464756,0.18450693053989262,0.43265869878209573,0.19140504378336412,2
2019,Bali,0.2519401973507386,0.2474080247847665,0.2487266408560233,0.2519251370084715,0
2019,Banten,0.2544146379285257,0.25382809846833954,0.23734427307328587,0.2544129905298489,0
2019,Bengkulu,0.26121084970269637,0.25837257979331446,0.21921474280307118,0.26120182770091804,0
2019,DKI Jakarta,0.25666234483044986,0.2570047867323067,0.22966914384687248,0.2566637245903709,1
2019,Daerah Istimewa Yogyakarta,0.28079145507571673,0.2907808522721758,0.14760247449764602,0.28082521815446154,1
2019,Gorontalo,0.28786618312898,0.28637529661030114,0.1378949632917934,0.2878635569689254,0
2019,Jambi,0.23021442127861283,0.22106277888850054,0.3185398577748705,0.23018294205801618,2
2019,Jawa Barat,0.26819395783423045,0.26996074561746786,0.19364454776952705,0.26820074877877476,1
2019,Jawa Tengah,0.29366454972276573,0.3180005382597329,0.09459162576255192,0.29374328625494955,1
2019,Jawa Timur,0.29358160687235185,0.31973556414895377,0.09301750554974854,0.2936653234289458,1
2019,Kalimantan Barat,0.28988150616175035,0.2871899349820692,0.13305283150729708,0.28987572734888345,0
2019,Kalimantan Selatan,0.2925332437816836,0.3162493650272218,0.09860785699046049,0.2926095342006341,1
2019,Kalimantan Tengah,0.2997777748813287,0.32388213886080597,0.07648212128885866,0.2998579649690067,1
2019,Kalimantan Timur,0.2959122680007818,0.3181390444670498,0.08996305500025047,0.29598563253191784,1
2019,Kalimantan Utara,0.2827148580741283,0.2920828559603914,0.14245556091908435,0.28274672504639603,1
2019,Kepulauan Bangka Belitung,0.21377527313065633,0.20750826447239898,0.3649629586324281,0.21375350376451654,2
2019,Kepulauan Riau,0.290269510819177,0.27509510275014554,0.1444153680179352,0.29022001841274225,0
2019,Lampung,0.26696748993796987,0.2672420659441164,0.19882123199621338,0.26696921212170033,1
2019,Maluku,0.2765354548843919,0.26006429756248345,0.1869209057908419,0.27647934176228267,0
2019,Maluku Utara,0.26511323085778804,0.2623530306552777,0.20742900292474384,0.26510473556219044,0
2019,Nusa Tenggara Barat,0.2696723665970326,0.2711925978883563,0.18945670654855065,0.2696783289660604,1
2019,Nusa Tenggara Timur,0.11306763490995288,0.1039606939104635,0.6699371447347339,0.11303452644484965,2
2019,Papua,0.2352231213964697,0.2310126719495101,0.2985554527492105,0.23520875390480964,2
2019,Papua Barat,0.24380032125141982,0.24149228832984443,0.27091488489679033,0.24379250552194545,2
2019,Riau,0.24253868040514168,0.23660625928871784,0.27833633693811377,0.2425187233680267,2
2019,Sulawesi Barat,0.276712014179502,0.28403045512233577,0.16252054108861175,0.2767369896095504,1
2019,Sulawesi Selatan,0.3085508543744219,0.3190826353890754,0.06377241627991465,0.30859409395658804,1
2019,Sulawesi Tengah,0.22010350329054987,0.2101407080354248,0.3496870034059196,0.22006878526810564,2
2019,Sulawesi Tenggara,0.27397110069261876,0.2709910139579439,0.18107559310295718,0.2739622922464801,0
2019,Sulawesi Utara,0.2813041684105852,0.2845531833377304,0.1528259887094745,0.28131665954220997,1
2019,Sumatera Barat,0.2976913988289161,0.3207734381802926,0.08376757011300093,0.2977675928777904,1
2019,Sumatera Selatan,0.27571068815630984,0.28085990373275954,0.16770060722333047,0.27572880088760005,1
2019,Sumatera Utara,0.26563465505502887,0.25764922038455396,0.2111077507731277,0.26560837378728946,0
2020,Aceh,0.211241812320158,0.20595619335371287,0.371578618767535,0.2112233755585941,2
2020,Bali,0.24300366076188235,0.23925813633907142,0.27474722417999314,0.24299097871905304,2
2020,Banten,0.25788018277122515,0.2580998345232267,0.22613867559588743,0.2578813071096607,1
2020,Bengkulu,0.2959157823970749,0.3167490913900632,0.09135038491285702,0.29598474130000485,1
2020,DKI Jakarta,0.25811179520228933,0.2589435381147922,0.22482978184698502,0.2581148848359334,1
2020,Daerah Istimewa Yogyakarta,0.28418262269476013,0.2979846680308591,0.13360436097398948,0.2842283483003914,1
2020,Gorontalo,0.2951601208124688,0.3194077118349698,0.09019364048310793,0.2952385268694534,1
2020,Jambi,0.19675045354753928,0.18625269706275394,0.42028336569727814,0.19671348369242866,2
2020,Jawa Barat,0.28741936082759106,0.2956913881104077,0.12944036703373232,0.28744888402826896,1
2020,Jawa Tengah,0.30179030628091424,0.31678896708584886,0.07957605744244534,0.3018446691907915,1
2020,Jawa Timur,0.2922752855136087,0.3161215938111014,0.09925113229482403,0.2923519883804659,1
2020,Kalimantan Barat,0.2966418292259968,0.3164246244003827,0.09022544442068468,0.29670810195293584,1
2020,Kalimantan Selatan,0.2920537104041407,0.31498523260420136,0.1008334549805793,0.2921276020110787,1
2020,Kalimantan Tengah,0.3028323202547143,0.3196573431628701,0.07461848288508999,0.3028918536973256,1
2020,Kalimantan Timur,0.29409058454228393,0.31939497492614977,0.09234240885256909,0.2941720316789973,1
2020,Kalimantan Utara,0.2834048792001791,0.29162518013911637,0.14153654103475796,0.2834333996259466,1
2020,Kepulauan Bangka Belitung,0.2750101502466165,0.270601407564511,0.17939169938002358,0.27499674280884895,0
2020,Kepulauan Riau,0.2831459626249351,0.28118850856414573,0.15252384559201254,0.2831416832189067,0
2020,Lampung,0.2736506248878848,0.25836393438582583,0.19438676034068242,0.27359868038560703,0
2020,Maluku,0.1861055137242529,0.17897968450395085,0.4488343153743078,0.18608048639748853,2
2020,Maluku Utara,0.28201252690849815,0.28506574052966455,0.1508974116604416,0.2820243209013956,1
2020,Nusa Tenggara Barat,0.22175312980522785,0.21512985973160634,0.34138670768224916,0.22173030278091663,2
2020,Nusa Tenggara Timur,0.1842329216437295,0.16639864280606734,0.4652006447648954,0.18416779078530776,2
2020,Papua,0.192623530972281,0.18479030392649873,0.4299901221145216,0.19259604298669863,2
2020,Papua Barat,0.24425537644056533,0.2416062004940693,0.26989197838520673,0.24424644468015855,2
2020,Riau,0.21546585175714986,0.21028805612001295,0.35879821500125353,0.21544787712158375,2
2020,Sulawesi Barat,0.2540479985063568,0.25149694847291104,0.2404152461677303,0.25403980685300176,0
2020,Sulawesi Selatan,0.30818011892947145,0.31361645026079976,0.0699971406916262,0.3082062901181026,1
2020,Sulawesi Tengah,0.2838022652933225,0.2928058618878706,0.13955858230598578,0.28383329051282113,1
2020,Sulawesi Tenggara,0.29979098806463245,0.31582456172998774,0.0845376042744283,0.29984684593095157,1
2020,Sulawesi Utara,0.2563051012196019,0.2569023118774196,0.23048527198550717,0.25630731491747133,1
2020,Sumatera Barat,0.2996287201044376,0.3276423118047828,0.07300916440568692,0.2997198036850927,1
2020,Sumatera Selatan,0.29608396813730964,0.3189055075018009,0.08885142628694759,0.29615909807394186,1
2020,Sumatera Utara,0.29647764680922994,0.3095343125072611,0.09746469261801913,0.2965233480654898,1
2021,Aceh,0.15869702952359885,0.15091643931914484,0.5317171034107403,0.1586694277465161,2
2021,Bali,0.24649519429548516,0.242116965850891,0.26490736189439595,0.24648047795922784,2
2021,Banten,0.2646922899685085,0.26536143884852637,0.20525096731809414,0.264695303864871,1
2021,Bengkulu,0.2690712876207596,0.2699862262838877,0.19186741817866013,0.2690750679166926,1
2021,DKI Jakarta,0.2621870789237034,0.26405846003785377,0.21156068754206173,0.2621937734963811,1
2021,Daerah Istimewa Yogyakarta,0.2715895938855712,0.27620275447451886,0.18060202043995685,0.2716056311999531,1
2021,Gorontalo,0.23485621069713325,0.2320788679913907,0.2982182822126241,0.23484663909885203,2
2021,Jambi,0.2658976990257081,0.2659294454178361,0.20227423696705052,0.26589861858940533,1
2021,Jawa Barat,0.28268233246275154,0.2884124468291746,0.14620190571070374,0.2827033149973701,1
2021,Jawa Tengah,0.3007792395170002,0.3092576101199802,0.08915026756848707,0.3008128827945326,1
2021,Jawa Timur,0.29502805584183345,0.31837844579533503,0.09148917902310179,0.29510431933972975,1
2021,Kalimantan Barat,0.2909553552787192,0.30653697293780363,0.11150009211900339,0.2910075796644738,1
2021,Kalimantan Selatan,0.29411942295303806,0.32051989904609696,0.09115680995954195,0.29420386804132304,1
2021,Kalimantan Tengah,0.26359580693564594,0.2508199333959293,0.22203184230197906,0.2635524173664457,0
2021,Kalimantan Timur,0.29829888819146083,0.3330793101178697,0.0702131469443142,0.29840865474635525,1
2021,Kalimantan Utara,0.2754952114164678,0.2822243745589148,0.16676230528935926,0.2755181087352581,1
2021,Kepulauan Bangka Belitung,0.24343748830816525,0.23603930214108187,0.27711086321896894,0.24341234633178396,2
2021,Kepulauan Riau,0.23876955698711644,0.23331160083656127,0.2891677511078822,0.23875109106844009,2
2021,Lampung,0.2840497448436388,0.2650553381408337,0.1669094730855292,0.28398544392999825,0
2021,Maluku,0.1691222718380717,0.161696027213409,0.5000857139335079,0.1690959870150114,2
2021,Maluku Utara,0.25264325776096563,0.24846140149842588,0.2462659735056912,0.25262936723491736,0
2021,Nusa Tenggara Barat,0.24223099720854252,0.2345856290637248,0.2809781978628773,0.24220517586485546,2
2021,Nusa Tenggara Timur,0.2369247774307602,0.22580041916350838,0.3003882882759503,0.23688651512978104,2
2021,Papua,0.23589556948766865,0.21729475146595173,0.31098044466250596,0.2358292343838736,2
2021,Papua Barat,0.21981821950979985,0.21514729182085612,0.3452324596993027,0.2198020289700413,2
2021,Riau,0.28912081505531145,0.30367229352184877,0.11803741411219341,0.28916947731064635,1
2021,Sulawesi Barat,0.27644467629081687,0.27820929127900146,0.16889395194082513,0.27645208048935654,1
2021,Sulawesi Selatan,0.30379663223974135,0.30600142358167726,0.08639171461046985,0.30381022956811155,1
2021,Sulawesi Tengah,0.2215285132022599,0.21481106410590883,0.3421550837897319,0.22150533890209934,2
2021,Sulawesi Tenggara,0.2912747869961924,0.30231330379007576,0.11509866718706521,0.2913132420266666,1
2021,Sulawesi Utara,0.29372625368568117,0.2892922718953,0.12326613985182772,0.2937153345671912,0
2021,Sumatera Barat,0.2960176381186344,0.31873245120460864,0.08915797832854105,0.29609193234821585,1
2021,Sumatera Selatan,0.2997865006473103,0.332945906182686,0.0673747129302206,0.29989288023978317,1
2021,Sumatera Utara,0.18458771900848542,0.17532266060156707,0.4555345495449159,0.1845550708450316,2
2022,Aceh,0.14755334272211884,0.13586470968709413,0.5690709645126841,0.14751098307810293,2
2022,Bali,0.25331387665724703,0.2503743840038644,0.2430075484549566,0.2533041908839319,0
2022,Banten,0.2664594908110356,0.26691622005763843,0.20016233247066914,0.26646195666065686,1
2022,Bengkulu,0.2794792204028058,0.2878252205952789,0.15318795245296374,0.2795076065489516,1
2022,DKI Jakarta,0.26283657771048907,0.2594902809900926,0.2148471917903391,0.2628259495090793,0
2022,Daerah Istimewa Yogyakarta,0.2852773327914924,0.2963197288898562,0.13308812101588557,0.28531481730276587,1
2022,Gorontalo,0.236289035372179,0.22728530231532468,0.30016763022797727,0.236258032084519,2
2022,Jambi,0.26055068582817587,0.25237032490385913,0.226555618020583,0.260523371247382,0
2022,Jawa Barat,0.27708779832301556,0.27915421023614706,0.1666615477994642,0.2770964436413732,1
2022,Jawa Tengah,0.30112446419193195,0.3078234785152977,0.08989925139298299,0.3011528058997874,1
2022,Jawa Timur,0.2975683522516844,0.3233148911842827,0.08146410348009844,0.29765265308393446,1
2022,Kalimantan Barat,0.2855275553780315,0.2870653423872473,0.1418721105442543,0.2855349916904669,1
2022,Kalimantan Selatan,0.2963746807641468,0.3228077486322067,0.08435749189717599,0.2964600787064705,1
2022,Kalimantan Tengah,0.266489268046319,0.25459316853410563,0.21246841023498955,0.2664491531845858,0
2022,Kalimantan Timur,0.2949162493435893,0.32245747126640184,0.08762205189727042,0.29500422749273847,1
2022,Kalimantan Utara,0.2754998077936508,0.2822308107622918,0.16674667005646,0.2755227113875975,1
2022,Kepulauan Bangka Belitung,0.280557459999894,0.27694179759070814,0.16195368989288983,0.2805470525165081,0
2022,Kepulauan Riau,0.258477686160436,0.2567456816399627,0.2263043043318826,0.25847232786771873,0
2022,Lampung,0.2946663853436927,0.31703694937398025,0.0935572216659675,0.29473944361635945,1
2022,Maluku,0.2888596261574002,0.2964807584279201,0.12577294309689463,0.2888866723177851,1
2022,Maluku Utara,0.2259970955444238,0.22170492308160278,0.3263156850080342,0.2259822963659392,2
2022,Nusa Tenggara Barat,0.23342129039005624,0.22373025260418303,0.3094603637904327,0.233388093215328,2
2022,Nusa Tenggara Timur,0.1964224137928416,0.1849445755948911,0.42225124158792365,0.1963817690243436,2
2022,Papua,0.22186593948971717,0.2175161590404301,0.33876704527449397,0.22185085619535877,2
2022,Papua Barat,0.2211532705390798,0.21682361275262105,0.340884879089749,0.22113823761855017,2
2022,Papua Barat Daya,0.16491310799444692,0.1571817252648074,0.5130194270636549,0.16488573967709075,2
2022,Papua Pegunungan,0.22551692784633287,0.22184157543755034,0.3271373293243752,0.2255041673917415,2
2022,Papua Selatan,0.2508378316274771,0.24327443512931332,0.2550754888958836,0.250812244347326,2
2022,Papua Tengah,0.24472781556166573,0.24179440319279663,0.26875989603001976,0.24471788521551785,2
2022,Riau,0.26121850045123446,0.2505262332671981,0.22707271584787694,0.2611825504336905,0
2022,Sulawesi Barat,0.27644467629081687,0.27820929127900146,0.16889395194082513,0.27645208048935654,1
2022,Sulawesi Selatan,0.30330905492111004,0.32072133101782185,0.07259884509910307,0.30337076896196497,1
2022,Sulawesi Tengah,0.19256672374520895,0.18264323308940034,0.43225827211453455,0.1925317710508561,2
2022,Sulawesi Tenggara,0.2965461586581494,0.31095603129632404,0.09590169474556094,0.29659611529996566,1
2022,Sulawesi Utara,0.29241357674391427,0.2874185930503931,0.12776766889909338,0.2924001613065992,0
2022,Sumatera Barat,0.2985617755465544,0.3287911030128496,0.07398842939755784,0.29865869204303824,1
2022,Sumatera Selatan,0.29738871437067876,0.3284353222406667,0.07668836268133317,0.2974876007073214,1
2022,Sumatera Utara,0.28167663276047306,0.2694431253169494,0.16724345761351675,0.28163678430906075,0
2023,Aceh,0.12569799300014284,0.11605797991157164,0.6325809665845962,0.1256630605036893,2
2023,Bali,0.2578579139479816,0.25550931020441664,0.22878241670031496,0.25785035914728677,0
2023,Banten,0.26750105083803766,0.2701435185616638,0.19484481959107824,0.2675106110092203,1
2023,Bengkulu,0.28834657926343776,0.30550329718922153,0.11774713268991595,0.2884029908574247,1
2023,DKI Jakarta,0.2621896600084949,0.2640615489552673,0.2115524346675128,0.2621963563687249,1
2023,Daerah Istimewa Yogyakarta,0.2772418374401561,0.28352941274813703,0.1619650139310979,0.27726373588060893,1
2023,Gorontalo,0.23559539215110345,0.22923340150123156,0.2995975522108528,0.23557365413681217,2
2023,Jambi,0.2814976666894997,0.2859722032054226,0.1510158883885745,0.28151424171650324,1
2023,Jawa Barat,0.27483889069280004,0.27701170039069045,0.17330176896085064,0.2748476399556588,1
2023,Jawa Tengah,0.302818848827598,0.3076625059195688,0.0866767886323997,0.30284185662043345,1
2023,Jawa Timur,0.2970593093417108,0.3254506226305019,0.08033917993290071,0.2971508880948866,1
2023,Kalimantan Barat,0.2839745986359316,0.28861767895242174,0.14341594618188327,0.28399177622976335,1
2023,Kalimantan Selatan,0.29331851115698476,0.31820457833745747,0.095078435015611,0.2933984754899467,1
2023,Kalimantan Tengah,0.3036461932263749,0.28190165287607594,0.1108778763124063,0.30357427758514277,0
2023,Kalimantan Timur,0.2936672621426034,0.3190744430124888,0.0935094680907745,0.2937488267541334,1
2023,Kalimantan Utara,0.27577204579184594,0.2817192705417712,0.16671609507221855,0.2757925885941643,1
2023,Kepulauan Bangka Belitung,0.3010661941536644,0.27897164715188866,0.11896923584863148,0.3009929228458154,0
2023,Kepulauan Riau,0.29868976644648537,0.3021376535948094,0.10046632605759552,0.29870625390110966,1
2023,Lampung,0.30214770152950055,0.3256022383365696,0.07002307060959527,0.3022269895243345,1
2023,Maluku,0.24535803557228533,0.23879050581884698,0.27051560226058313,0.24533585634828456,2
2023,Maluku Utara,0.2833241897060123,0.2825467851131993,0.15080542955586804,0.28332359562492027,0
2023,Nusa Tenggara Barat,0.260804907151916,0.25742101495325426,0.2209796448943661,0.2607944330004637,0
2023,Nusa Tenggara Timur,0.0825404784634872,0.0762033406441712,0.7587387150016454,0.08251746589069626,2
2023,Papua,0.18942327750200325,0.18246668463438234,0.4387111848969776,0.1893988529666368,2
2023,Papua Barat,0.2030622397190221,0.19734534910239881,0.39655014731847615,0.2030422638601029,2
2023,Papua Barat Daya,0.19384713921368715,0.1872535385389593,0.42507532017575117,0.19382400207160236,2
2023,Papua Pegunungan,0.22551692784633287,0.22184157543755034,0.3271373293243752,0.2255041673917415,2
2023,Papua Selatan,0.21315697620940835,0.20766257594127044,0.36604260492864615,0.21313784292067506,2
2023,Papua Tengah,0.24472781556166573,0.24179440319279663,0.26875989603001976,0.24471788521551785,2
2023,Riau,0.21637682660141974,0.20531883036522022,0.361966309642228,0.216338033391132,2
2023,Sulawesi Barat,0.2764446762908168,0.2782092912790014,0.16889395194082515,0.2764520804893566,1
2023,Sulawesi Selatan,0.31178955244301554,0.320863428123992,0.055516722899993855,0.3118302965329986,1
2023,Sulawesi Tengah,0.227852868988715,0.22107088195103203,0.32324664244052376,0.2278296066197292,2
2023,Sulawesi Tenggara,0.3000397650936564,0.3123394916143903,0.08753672249687187,0.30008402079508145,1
2023,Sulawesi Utara,0.27782167943428754,0.27013596532200757,0.1742450433041713,0.27779731193953355,0
2023,Sumatera Barat,0.2994179128857284,0.33200991751087444,0.06905002940988984,0.29952214019350737,1
2023,Sumatera Selatan,0.29333299205829577,0.3113109631018637,0.10196316890084169,0.2933928759389988,1
2023,Sumatera Utara,0.2057119074090079,0.19510899987535815,0.39350446646699055,0.20567462624864338,2
2024,Aceh,0.1363513500102135,0.12702566215397582,0.600305178532442,0.13631780930336865,2
2024,Bali,0.257557920119231,0.25487915221265206,0.23001363972246544,0.2575492879456514,0
2024,Banten,0.2698107689264712,0.273152920161206,0.1872135919153378,0.26982271899698507,1
2024,Bengkulu,0.2858712533668293,0.3016627037337331,0.1265430148913998,0.2859230280080379,1
2024,DKI Jakarta,0.26208528481408117,0.26393668216979677,0.21188612398023648,0.2620919090358857,1
2024,Daerah Istimewa Yogyakarta,0.27806248263209077,0.28401683218514046,0.15983718084438742,0.27808350433838136,1
2024,Gorontalo,0.21802324086638455,0.21143694194192514,0.35253944549456795,0.2180003716971223,2
2024,Jambi,0.30012664446958953,0.3166006463038692,0.08308820962570014,0.30018449960084104,1
2024,Jawa Barat,0.28621112587304487,0.2913794571634288,0.1361785688484871,0.28623084811503924,1
2024,Jawa Tengah,0.3007246035869446,0.30873928120656946,0.08977936304569178,0.30075675216079417,1
2024,Jawa Timur,0.30117869581992207,0.33471186754616117,0.06282235683624947,0.30128707979766733,1
2024,Kalimantan Barat,0.2812952990248929,0.2866704637887323,0.1507197235693391,0.2813145136170357,1
2024,Kalimantan Selatan,0.2929351544984397,0.31204713584469507,0.10201944011158247,0.29299826954528274,1
2024,Kalimantan Tengah,0.26582466094315466,0.2519362879160314,0.21646150571228034,0.26577754542853355,0
2024,Kalimantan Timur,0.298409480181536,0.33074650406412237,0.07233146757303455,0.298512548181307,1
2024,Kalimantan Utara,0.2761570203439874,0.2822163299015254,0.1654486903170606,0.2761779594374266,1
2024,Kepulauan Bangka Belitung,0.25336291462684374,0.24909924632964334,0.2441890915548514,0.25334874748866154,0
2024,Kepulauan Riau,0.2952502504926677,0.30994640816510016,0.09950231748914296,0.29530102385308926,1
2024,Lampung,0.28807087357194355,0.28881801656420913,0.13503519817502538,0.288075911688822,1
2024,Maluku,0.20818950332929462,0.20265639691710402,0.3809839323997445,0.20817016735385682,2
2024,Maluku Utara,0.2833241897060123,0.2825467851131993,0.15080542955586804,0.28332359562492027,0
2024,Nusa Tenggara Barat,0.20291638238688625,0.1900454620362359,0.4041673012814772,0.20287085429540064,2
2024,Nusa Tenggara Timur,0.12638858651053864,0.11868253219387671,0.6285679236193974,0.12636095767618716,2
2024,Papua,0.21478739769014976,0.20634050844312404,0.3641140583067944,0.21475803555993178,2
2024,Papua Barat,0.2272506785576462,0.22304248164466875,0.322470661927039,0.22723617787064612,2
2024,Papua Barat Daya,0.16491310799444692,0.1571817252648074,0.5130194270636549,0.16488573967709075,2
2024,Papua Pegunungan,0.22551692784633287,0.22184157543755034,0.3271373293243752,0.2255041673917415,2
2024,Papua Selatan,0.22713572340569513,0.22198619880029385,0.3237601317274014,0.22711794606660957,2
2024,Papua Tengah,0.24472781556166573,0.24179440319279663,0.26875989603001976,0.24471788521551785,2
2024,Riau,0.2702576622835137,0.2698245876506113,0.18966058987836554,0.27025716018750945,0
2024,Sulawesi Barat,0.2983435496123874,0.29324512025003274,0.11007985781712468,0.29833147232045515,0
2024,Sulawesi Selatan,0.31282180683692434,0.3227215252661672,0.05159037728620347,0.31286629061070487,1
2024,Sulawesi Tengah,0.19250667777742655,0.18453277458944883,0.43048185236756276,0.19247869526556183,2
2024,Sulawesi Tenggara,0.28689871092089075,0.2940283045786649,0.1321487393639197,0.28692424513652465,1
2024,Sulawesi Utara,0.2544772071073263,0.24436483554567823,0.24671505669017363,0.25444290065682185,0
2024,Sumatera Barat,0.2992518766752531,0.31267730669127747,0.08877129732492467,0.29929951930854476,1
2024,Sumatera Selatan,0.28305463461899855,0.26610289022842337,0.16784506422777762,0.28299741092480046,0
2024,Sumatera Utara,0.2854308228187623,0.28480110992536223,0.14433714965226127,0.2854309176036143,3
2025,Aceh,0.20044482000415687,0.1867037304991799,0.4124557085353501,0.2003957409613131,2
2025,Bali,0.2539731692597555,0.2508098362471571,0.24125422940271482,0.2539627650903726,0
2025,Banten,0.2412953867416096,0.23870223469502647,0.27871573703311525,0.24128664153024867,2
2025,Bengkulu,0.2520824583912406,0.24959759062749579,0.24624559489421524,0.2520743560870483,0
2025,DKI Jakarta,0.2613705499359328,0.26308403564335814,0.21416872623705593,0.26137668818365317,1
2025,Daerah Istimewa Yogyakarta,0.2800569734052016,0.28643881048031145,0.1534247790074223,0.2800794371070647,1
2025,Gorontalo,0.25458368211299004,0.24738501818070976,0.2434718415972734,0.2545594581090268,0
2025,Jambi,0.2868910437513805,0.2748597315931136,0.15139682230037504,0.2868524023551308,0
2025,Jawa Barat,0.28650662798674237,0.29100380442200846,0.1359653834660092,0.28652418412524,1
2025,Jawa Tengah,0.2831293097512902,0.29429459413478704,0.13940909725466,0.2831669988592628,1
2025,Jawa Timur,0.2977754710283005,0.33190064841340733,0.0724407225324128,0.2978831580258794,1
2025,Kalimantan Barat,0.27978109274600005,0.28028941499946863,0.16014490194255304,0.2797845903119783,1
2025,Kalimantan Selatan,0.29950275192551834,0.33104545109485195,0.0698476879648079,0.2996041090148217,1
2025,Kalimantan Tengah,0.30904818263062456,0.3070815391310105,0.07481954031020348,0.30905073792816146,3
2025,Kalimantan Timur,0.29895191569113105,0.3348305084861713,0.06715259144854976,0.2990649843741478,1
2025,Kalimantan Utara,0.2822145567195701,0.29229990747133255,0.14323697416120773,0.28224856164788964,1
2025,Kepulauan Bangka Belitung,0.2860592721066414,0.29753021927386564,0.1303125016811565,0.28609800693833654,1
2025,Kepulauan Riau,0.2867357712374377,0.28908849636739287,0.1374299764330129,0.28674575596215646,1
2025,Lampung,0.2602193354774479,0.2610758710217668,0.21848218646197243,0.2602226070388129,1
2025,Maluku,0.14135700548358526,0.1335947548793366,0.5837188485757343,0.14132939106134376,2
2025,Maluku Utara,0.2833241897060123,0.2825467851131993,0.15080542955586804,0.28332359562492027,0
2025,Nusa Tenggara Barat,0.24271228714829993,0.23432520680283944,0.2802786021249709,0.24268390392388975,2
2025,Nusa Tenggara Timur,0.11915034479496905,0.10879865361084158,0.6529384516518466,0.11911254994234279,2
2025,Papua,0.17289387367939874,0.16392891701954238,0.4903150814833042,0.17286212781775465,2
2025,Papua Barat,0.2277663529709644,0.22363436159694933,0.3208471729384714,0.22775211249361482,2
2025,Papua Barat Daya,0.27444868028083796,0.2784479915936296,0.17264026887459546,0.27446305925093695,1
2025,Papua Pegunungan,0.22551692784633287,0.22184157543755034,0.3271373293243752,0.2255041673917415,2
2025,Papua Selatan,0.22058464891144255,0.2132340456290524,0.34562215837796545,0.2205591470815396,2
2025,Papua Tengah,0.24472781556166573,0.24179440319279663,0.26875989603001976,0.24471788521551785,2
2025,Riau,0.28334894487543955,0.2882737636749985,0.14501017180807066,0.28336711964149125,1
2025,Sulawesi Barat,0.2764446762908168,0.2782092912790014,0.16889395194082515,0.2764520804893566,1
2025,Sulawesi Selatan,0.3220244650830779,0.3023850163946493,0.053620218063865584,0.3219703004584072,0
2025,Sulawesi Tengah,0.22924873398975415,0.22434480056747413,0.3171746404521738,0.22923182499059785,2
2025,Sulawesi Tenggara,0.2841939864272509,0.28969809516124667,0.14189388964755414,0.28421402876394836,1
2025,Sulawesi Utara,0.2860600103624845,0.28523826855828754,0.14264206676681315,0.28605965431241487,0
2025,Sumatera Barat,0.2948826993940752,0.31145727692479364,0.09872139472411803,0.2949386289570131,1
2025,Sumatera Selatan,0.27599423101710563,0.2813923672803591,0.1666005055843775,0.27601289611815777,1
2025,Sumatera Utara,0.2940822535865548,0.2985871051655824,0.1132301101016653,0.2941005311461974,1
